# run_id,param_0,param_1,param_2,param_3,param_4,param_5,param_6,param_7,param_8,param_9,param_10,param_11,param_12,param_13,cost
0.000000,2.476804,-1.781947,0.647382,-1.817965,-2.937947,0.775680,0.389584,-1.460460,0.204308,-1.919800,-2.481233,-0.860702,1.365774,-0.037248,-8.990000
0.000000,1.476804,-0.781947,0.647382,-1.817965,-2.937947,0.775680,0.389584,-1.460460,0.204308,-1.919800,-2.481233,-0.860702,1.365774,-0.037248,-8.450000
0.000000,1.476804,-1.781947,1.647382,-1.817965,-2.937947,0.775680,0.389584,-1.460460,0.204308,-1.919800,-2.481233,-0.860702,1.365774,-0.037248,-8.030000
0.000000,1.476804,-1.781947,0.647382,-0.817965,-2.937947,0.775680,0.389584,-1.460460,0.204308,-1.919800,-2.481233,-0.860702,1.365774,-0.037248,-9.060000
0.000000,1.476804,-1.781947,0.647382,-1.817965,-1.937947,0.775680,0.389584,-1.460460,0.204308,-1.919800,-2.481233,-0.860702,1.365774,-0.037248,-9.520000
0.000000,1.476804,-1.781947,0.647382,-1.817965,-1.937947,1.775680,0.389584,-1.460460,0.204308,-1.919800,-2.481233,-0.860702,1.365774,-0.037248,-9.460000
0.000000,1.476804,-1.781947,0.647382,-1.817965,-1.937947,1.775680,1.389584,-1.460460,0.204308,-1.919800,-2.481233,-0.860702,1.365774,-0.037248,-9.450000
0.000000,1.476804,-1.781947,0.647382,-1.817965,-1.937947,1.775680,0.389584,-0.460460,0.204308,-1.919800,-2.481233,-0.860702,1.365774,-0.037248,-10.210000
0.000000,1.476804,-1.781947,0.647382,-1.817965,-1.937947,1.775680,0.389584,-0.460460,1.204308,-1.919800,-2.481233,-0.860702,1.365774,-0.037248,-10.270000
0.000000,1.476804,-1.781947,0.647382,-1.817965,-1.937947,1.775680,0.389584,-0.460460,1.204308,-0.919800,-2.481233,-0.860702,1.365774,-0.037248,-9.790000
0.000000,1.476804,-1.781947,0.647382,-1.817965,-1.937947,1.775680,0.389584,-0.460460,1.204308,-1.919800,-1.481233,-0.860702,1.365774,-0.037248,-10.500000
0.000000,1.476804,-1.781947,0.647382,-1.817965,-1.937947,1.775680,0.389584,-0.460460,1.204308,-1.919800,-1.481233,0.139298,1.365774,-0.037248,-10.190000
0.000000,1.476804,-1.781947,0.647382,-1.817965,-1.937947,1.775680,0.389584,-0.460460,1.204308,-1.919800,-1.481233,-0.860702,2.365774,-0.037248,-10.980000
0.000000,1.476804,-1.781947,0.647382,-1.817965,-1.937947,1.775680,0.389584,-0.460460,1.204308,-1.919800,-1.481233,-0.860702,2.365774,0.962752,-10.570000
0.000000,1.286963,-2.030202,0.428334,-1.854473,-1.726200,2.060442,0.280060,-0.321730,1.642405,-2.321389,-1.335201,-1.116258,2.723553,-0.395026,-10.750000
0.000000,1.024768,-1.781947,0.647382,-1.817965,-1.937947,1.775680,0.389584,-0.460460,1.204308,-1.706111,-1.481233,-0.860702,2.365774,-0.037248,-11.010000
0.000000,1.961222,-1.874040,0.566124,-1.831508,-1.859397,1.881316,0.348954,-0.408996,1.366826,-1.110554,-1.427061,-0.955504,2.498496,-0.169970,-11.040000
0.000000,1.476804,-1.451136,0.272463,-1.817965,-1.937947,1.775680,0.389584,-0.460460,1.204308,-1.919800,-1.481233,-0.860702,2.365774,-0.037248,-11.090000
0.000000,1.560730,-1.094914,1.316715,-1.829799,-1.869311,1.867983,0.354082,-0.415492,1.346313,-1.930551,-1.433898,-0.943538,2.481745,-0.153218,-11.010000
0.000000,1.560730,-1.094914,1.316715,-2.322529,-1.954264,1.867983,0.354082,-0.415492,1.346313,-1.930551,-1.433898,-0.943538,2.481745,-0.153218,-10.990000
0.000000,1.622881,-1.086401,1.370974,-1.615538,-2.823185,1.936337,0.327792,-0.382191,1.451474,-1.938512,-1.398845,-1.004882,2.567626,-0.239100,-10.880000
0.000000,1.560730,-1.094914,1.316715,-1.829799,-1.869311,1.688493,-0.112590,-0.415492,1.346313,-1.930551,-1.433898,-0.943538,2.481745,-0.153218,-11.130000
0.000000,1.651671,-1.082458,1.396109,-1.771272,-1.786137,1.005474,0.757257,-0.366765,1.500188,-1.942200,-1.382607,-1.033298,2.607409,-0.278882,-11.000000
0.000000,1.560730,-1.094914,1.316715,-1.829799,-1.869311,1.867983,0.354082,-0.892163,1.497259,-1.930551,-1.433898,-0.943538,2.481745,-0.153218,-11.380000
0.000000,1.724355,-1.072504,1.459564,-1.724493,-1.719660,1.953910,0.449573,-1.165003,0.666230,-1.951510,-1.341612,-1.105039,2.707846,-0.379320,-11.140000
0.000000,1.651314,-1.209609,1.377324,-1.827435,-1.883020,1.849546,0.361173,-0.901145,1.468895,-2.022827,-1.433898,-0.487883,2.542410,-0.213884,-11.140000
0.000000,1.343961,-0.452920,1.225096,-1.673716,-1.557301,2.102966,0.469472,-0.813053,1.796016,-1.476460,-1.286166,-0.820007,2.523095,-0.194569,-11.190000
0.000000,1.583678,-1.084542,1.366858,-1.730021,-1.788642,1.974769,0.433044,-0.779311,1.482531,-1.953927,-1.879606,-0.954676,2.497113,-0.168587,-11.280000
0.000000,1.523112,-0.935914,1.164893,-2.183998,-2.045385,1.486249,0.081731,-1.406507,1.737828,-1.698531,-1.825113,-1.048212,2.611433,-0.282907,-11.200000
0.000000,1.646150,-1.093334,1.376677,-1.816284,-1.823381,1.866439,0.371813,-0.932701,1.554062,-1.936598,-1.425186,-0.993384,2.018973,-0.275168,-11.220000
0.000000,1.673970,-1.049159,1.410178,-1.810665,-1.857570,1.820464,0.389204,-0.955247,1.483766,-1.868140,-1.448646,-0.952330,1.961497,-0.076775,-11.150000
0.000000,1.674181,-1.214854,1.357295,-1.815253,-1.670934,1.993034,0.345159,-0.919888,1.820898,-2.135438,-1.348824,-1.169869,2.125148,-0.462089,-11.340000
0.000000,1.786215,-1.169494,1.387887,-1.785934,-1.889829,1.907452,0.375987,-0.902611,1.587407,-1.777878,-1.412197,-1.016115,2.050795,-0.306991,-11.300000
0.000000,1.524667,-0.967727,1.383941,-1.679899,-2.202519,1.928071,0.420794,-0.886095,1.575885,-2.046973,-1.416029,-1.023868,2.014108,-0.462251,-11.280000
0.000000,1.535701,-1.144172,1.584344,-1.832938,-1.818405,1.863609,0.356223,-0.942531,1.574581,-1.881163,-1.419913,-1.002612,2.031892,-0.288088,-11.250000
0.000000,1.236402,-1.411211,1.379355,-1.787671,-1.768464,1.863767,0.411092,-0.931882,1.523083,-1.732301,-1.436134,-0.986549,1.968882,-0.388682,-11.310000
0.000000,1.520371,-1.146271,1.570961,-1.876841,-1.838295,2.054507,0.232825,-1.007715,1.523245,-1.879200,-1.428559,-0.987482,2.010709,-0.266905,-11.220000
0.000000,1.589127,-1.069244,1.680460,-1.807659,-1.667742,1.769501,0.444287,-1.015554,1.280968,-1.856621,-1.370932,-1.102493,2.125151,-0.569384,-11.190000
0.000000,1.572886,-1.253754,1.581451,-1.904256,-1.905014,1.767388,0.302165,-1.039847,1.548814,-1.942616,-1.503858,-1.060071,2.037948,-0.294144,-11.280000
0.000000,1.456853,-0.907967,1.530720,-1.961353,-1.761973,1.744486,0.275286,-1.011183,1.812046,-1.681978,-1.515504,-0.913290,2.070501,-0.447192,-11.230000
0.000000,1.536801,-1.140613,1.569695,-2.035543,-1.838580,1.898261,0.449366,-0.847702,1.544872,-1.897219,-1.419951,-1.002242,2.009757,-0.305868,-11.150000
0.000000,1.483019,-1.227451,1.839788,-1.554647,-1.845904,1.869254,0.429166,-0.862710,1.748678,-1.762228,-1.307359,-1.073372,2.174540,-0.236776,-11.330000
0.000000,1.549446,-1.159649,1.517683,-1.790926,-1.674757,1.869077,0.339260,-0.936839,1.667529,-2.030707,-1.384928,-1.032096,2.015489,-0.326985,-11.000000
0.000000,1.521981,-1.126800,1.575164,-1.833296,-1.816329,1.841158,0.289516,-0.874131,1.557647,-1.867187,-1.419913,-1.071626,2.022704,-0.278899,-11.370000
0.000000,1.566411,-1.190993,1.623245,-1.803058,-1.825358,1.815899,0.277820,-0.857453,1.538819,-1.908263,-1.413611,-0.811982,2.025853,-0.341184,-11.100000
0.000000,1.538092,-1.141252,1.592011,-1.809368,-1.797954,1.890007,0.374877,-0.913321,1.569168,-1.889392,-1.530247,-1.003688,2.052081,-0.288944,-11.330000
0.000000,1.576688,-1.147704,1.653592,-1.800941,-1.819741,1.871127,0.381541,-0.958120,1.599910,-1.847210,-1.446838,-1.024269,1.811384,-0.337426,-11.150000
0.000000,1.544398,-1.102063,1.622241,-1.771139,-1.895844,1.878632,0.393372,-0.951772,1.594388,-1.897377,-1.448004,-1.025771,1.802625,-0.381838,-11.250000
0.000000,1.592161,-1.225682,1.780358,-1.739976,-1.775042,1.883969,0.454384,-1.002587,1.678146,-1.750405,-1.389599,-1.021009,1.875712,-0.273938,-11.200000
0.000000,1.554761,-1.129361,1.633190,-1.829035,-1.841159,1.860664,0.352201,-0.957004,1.698041,-1.822484,-1.473768,-0.995849,1.804263,-0.318787,-11.200000
0.000000,1.594724,-1.053160,1.650386,-1.829416,-1.707384,1.814135,0.376586,-1.059162,1.535780,-1.760042,-1.459116,-1.009728,1.843064,-0.452455,-11.290000
0.000000,1.504749,-1.205496,1.591754,-1.785087,-1.808496,1.864299,0.404335,-0.965061,1.582728,-1.808738,-1.442942,-1.012041,1.793734,-0.343922,-11.190000
0.000000,1.668309,-1.242079,1.684890,-1.790071,-1.720232,1.909598,0.333360,-0.867403,1.525700,-1.869055,-1.550335,-1.068304,1.752044,-0.340890,-11.100000
0.000000,1.591041,-1.113421,1.637525,-1.789516,-1.800824,1.843961,0.401891,-0.980282,1.559990,-1.864795,-1.444639,-0.997805,1.784050,-0.245238,-11.080000
0.000000,1.533969,-1.144564,1.688285,-1.808912,-1.807073,1.864690,0.372128,-0.960977,1.595652,-1.866414,-1.455544,-1.024590,1.805295,-0.335026,-11.290000
0.000000,1.595261,-1.156511,1.648507,-1.889908,-1.819408,1.890599,0.448320,-0.922932,1.594699,-1.846195,-1.417750,-1.019353,1.815081,-0.353936,-11.330000
0.000000,1.567404,-1.128704,1.651738,-1.796095,-1.807947,1.921883,0.369283,-0.952440,1.595390,-1.835999,-1.433527,-1.011436,1.806569,-0.332610,-11.220000
0.000000,1.603636,-1.201044,1.644985,-1.838134,-1.857273,1.895433,0.346895,-1.039680,1.583526,-1.861259,-1.445650,-1.033963,1.824917,-0.337146,-11.240000
0.000000,1.572405,-1.141858,1.669713,-1.808790,-1.852226,1.867298,0.375574,-0.946418,1.575006,-1.810179,-1.461360,-1.025936,1.811857,-0.328238,-11.340000
0.000000,1.584258,-1.147377,1.626883,-1.800055,-1.805884,1.834096,0.343224,-0.925425,1.606882,-1.839138,-1.379608,-1.100080,1.830275,-0.333529,-11.300000
0.000000,1.586516,-1.154479,1.667684,-1.798781,-1.826592,1.859449,0.371615,-0.959412,1.601708,-1.842147,-1.419277,-1.005932,1.767233,-0.351672,-11.360000
0.000000,1.586446,-1.170911,1.647281,-1.792748,-1.817524,1.846858,0.353077,-0.921647,1.582578,-1.865805,-1.434113,-0.946320,1.883330,-0.346895,-11.210000
0.000000,1.602623,-1.172194,1.683942,-1.742707,-1.811795,1.878943,0.453616,-0.971484,1.638904,-1.826702,-1.458053,-1.046293,1.855634,-0.343151,-11.280000
0.000000,1.596912,-1.159421,1.637519,-1.800826,-1.802178,1.875095,0.374243,-0.935982,1.593773,-1.856453,-1.487936,-1.035993,1.798803,-0.348657,-11.360000
0.000000,1.579051,-1.117707,1.645774,-1.809300,-1.799041,1.854767,0.383605,-0.985036,1.591429,-1.828159,-1.450546,-1.020175,1.822495,-0.366685,-11.330000
0.000000,1.578838,-1.153816,1.652907,-1.798124,-1.819828,1.865255,0.375456,-0.949463,1.596313,-1.851585,-1.442623,-1.004816,1.830048,-0.339191,-11.220000
0.000000,1.580359,-1.155818,1.656494,-1.806180,-1.815235,1.873071,0.376627,-0.965066,1.599706,-1.843502,-1.446910,-1.024709,1.813132,-0.333497,-11.180000
0.000000,1.572368,-1.140769,1.643963,-1.798555,-1.839950,1.875784,0.387239,-0.966480,1.598827,-1.860511,-1.445929,-1.032197,1.810807,-0.343494,-11.090000
0.000000,1.576580,-1.147521,1.651628,-1.814215,-1.819299,1.872067,0.386838,-0.953858,1.598269,-1.849015,-1.443954,-1.022954,1.810634,-0.337856,-11.140000
0.000000,1.576913,-1.144403,1.662450,-1.788631,-1.816036,1.870634,0.403522,-0.951005,1.610223,-1.840018,-1.445931,-1.029414,1.812942,-0.337622,-11.190000
0.000000,1.584627,-1.140131,1.660366,-1.803786,-1.821809,1.871601,0.377819,-0.957246,1.605243,-1.851023,-1.448203,-1.024797,1.813275,-0.336023,-11.170000
0.000000,1.565614,-1.144922,1.640590,-1.803587,-1.822777,1.865447,0.376384,-0.956579,1.620145,-1.839216,-1.453068,-1.018202,1.807256,-0.331619,-11.050000
0.000000,1.578889,-1.145325,1.653045,-1.799747,-1.819246,1.870702,0.387043,-0.962927,1.596471,-1.849753,-1.451777,-1.016183,1.807744,-0.329890,-11.240000
0.000000,1.575833,-1.139594,1.645267,-1.795053,-1.812754,1.860452,0.376912,-0.951783,1.589770,-1.848624,-1.434907,-1.036998,1.809678,-0.324405,-11.220000
0.000000,1.576170,-1.138498,1.651566,-1.801574,-1.815423,1.866906,0.382176,-0.961572,1.597116,-1.843670,-1.448414,-1.022160,1.812600,-0.346204,-11.280000
0.000000,1.578967,-1.165627,1.656251,-1.804178,-1.815517,1.877045,0.380495,-0.977287,1.599836,-1.838344,-1.444339,-1.034044,1.816877,-0.336620,-11.220000
0.000000,1.575456,-1.147338,1.657235,-1.801938,-1.828259,1.870667,0.380413,-0.954449,1.593466,-1.838370,-1.451007,-1.025305,1.811468,-0.335817,-11.210000
0.000000,1.578340,-1.150141,1.654781,-1.801287,-1.821441,1.865071,0.382101,-0.958796,1.600503,-1.848006,-1.446258,-1.024292,1.808754,-0.338930,-11.210000
0.000000,1.575762,-1.147111,1.654110,-1.797397,-1.818736,1.881394,0.378456,-0.955561,1.598972,-1.845451,-1.441288,-1.020398,1.804224,-0.339986,-11.290000
0.000000,1.582114,-1.148781,1.649208,-1.800171,-1.819790,1.872005,0.381958,-0.956380,1.599911,-1.845984,-1.448728,-1.025014,1.811134,-0.338399,-11.270000
0.000000,1.576688,-1.147704,1.653592,-1.800941,-1.819741,1.871127,0.381541,-0.958120,1.599910,-1.847210,-1.446838,-1.024269,1.811384,-0.337426,-11.250000
1.000000,1.874821,-1.220798,-1.019980,-1.801004,2.094096,2.930674,-2.095027,2.317361,0.386953,2.481703,0.052078,1.649509,-2.416543,0.574488,-10.020000
1.000000,1.874821,-0.220798,-1.019980,-1.801004,2.094096,2.930674,-2.095027,2.317361,0.386953,2.481703,0.052078,1.649509,-2.416543,0.574488,-10.240000
1.000000,1.874821,-0.220798,-0.019980,-1.801004,2.094096,2.930674,-2.095027,2.317361,0.386953,2.481703,0.052078,1.649509,-2.416543,0.574488,-10.120000
1.000000,1.874821,-0.220798,-1.019980,-0.801004,2.094096,2.930674,-2.095027,2.317361,0.386953,2.481703,0.052078,1.649509,-2.416543,0.574488,-10.400000
1.000000,1.874821,-0.220798,-1.019980,-0.801004,3.094096,2.930674,-2.095027,2.317361,0.386953,2.481703,0.052078,1.649509,-2.416543,0.574488,-10.490000
1.000000,1.874821,-0.220798,-1.019980,-0.801004,3.094096,3.930674,-2.095027,2.317361,0.386953,2.481703,0.052078,1.649509,-2.416543,0.574488,-10.340000
1.000000,1.874821,-0.220798,-1.019980,-0.801004,3.094096,2.930674,-1.095027,2.317361,0.386953,2.481703,0.052078,1.649509,-2.416543,0.574488,-10.510000
1.000000,1.874821,-0.220798,-1.019980,-0.801004,3.094096,2.930674,-2.095027,3.317361,0.386953,2.481703,0.052078,1.649509,-2.416543,0.574488,-10.210000
1.000000,1.874821,-0.220798,-1.019980,-0.801004,3.094096,2.930674,-2.095027,2.317361,1.386953,2.481703,0.052078,1.649509,-2.416543,0.574488,-10.240000
1.000000,1.874821,-0.220798,-1.019980,-0.801004,3.094096,2.930674,-2.095027,2.317361,0.386953,3.481703,0.052078,1.649509,-2.416543,0.574488,-10.450000
1.000000,1.874821,-0.220798,-1.019980,-0.801004,3.094096,2.930674,-2.095027,2.317361,0.386953,2.481703,1.052078,1.649509,-2.416543,0.574488,-10.120000
1.000000,1.874821,-0.220798,-1.019980,-0.801004,3.094096,2.930674,-2.095027,2.317361,0.386953,2.481703,0.052078,2.649509,-2.416543,0.574488,-10.230000
1.000000,1.874821,-0.220798,-1.019980,-0.801004,3.094096,2.930674,-2.095027,2.317361,0.386953,2.481703,0.052078,1.649509,-1.416543,0.574488,-10.450000
1.000000,1.874821,-0.220798,-1.019980,-0.801004,3.094096,2.930674,-2.095027,2.317361,0.386953,2.481703,0.052078,1.649509,-2.416543,1.574488,-10.540000
1.000000,2.168266,-0.002811,-1.497876,-0.599785,3.144401,2.570156,-2.204021,2.225136,0.236039,2.397862,-0.509660,1.364448,-2.550689,0.574488,-10.050000
1.000000,1.386814,-0.195977,-1.074397,-0.778092,3.099824,2.889623,-2.107438,2.306860,0.369769,2.472157,-0.011885,1.617050,-2.431817,0.574488,-10.550000
1.000000,1.874821,-0.448253,-1.123731,-0.801004,3.094096,2.930674,-2.095027,2.317361,0.386953,2.481703,0.052078,1.649509,-2.416543,0.574488,-10.360000
1.000000,1.887399,-0.291209,-0.562036,-0.753759,3.105908,2.846026,-2.120618,2.295707,0.351519,2.462018,-0.079816,1.582578,-2.448039,0.574488,-10.380000
1.000000,1.879761,-0.167286,-1.018077,-1.292968,3.098735,2.897432,-2.105077,2.308858,0.373038,2.473973,0.000283,1.623225,-2.428911,0.574488,-10.540000
1.000000,1.888468,-0.072944,-1.014723,-1.307640,3.106912,2.838827,-2.122795,2.293866,0.348506,2.460344,0.214401,1.576886,-2.450718,0.574488,-10.640000
1.000000,1.860769,-0.181395,-0.987148,-1.305991,3.098735,3.009759,-2.105077,2.308858,0.373038,2.473973,0.036639,1.623225,-2.428911,0.574488,-10.440000
1.000000,1.947515,-0.034203,-1.111907,-1.265948,3.106435,2.881932,-2.121762,2.294739,0.349936,2.461138,-0.163614,1.579587,-2.449447,0.574488,-10.430000
1.000000,1.879761,-0.167286,-1.018077,-1.292968,3.098735,2.897432,-2.105077,2.308858,0.262565,2.473973,0.000283,1.681711,-2.428911,0.574488,-10.160000
1.000000,1.870855,-0.148207,-0.998447,-1.305111,3.101126,2.850402,-2.110257,2.304474,0.551002,2.469988,0.006713,1.789030,-2.435288,0.574488,-10.480000
1.000000,1.879761,-0.167286,-1.018077,-1.292968,3.098735,2.897432,-2.202091,2.308858,0.373038,2.473973,0.000283,1.623225,-2.350087,0.574488,-10.470000
1.000000,1.875672,-0.158528,-1.009066,-1.298542,3.099832,2.875842,-1.921234,2.306845,0.393337,2.472143,0.003235,1.583366,-2.267629,0.574488,-10.470000
1.000000,1.879761,-0.167286,-1.018077,-1.292968,3.098735,2.897432,-2.105077,2.392942,0.373038,2.381480,0.000283,1.623225,-2.428911,0.574488,-10.400000
1.000000,1.876914,-0.161189,-1.011804,-1.296849,3.099499,2.882402,-2.089138,2.474705,0.387170,2.655037,0.002338,1.595476,-2.454536,0.574488,-10.480000
1.000000,1.879761,-0.167286,-1.018077,-1.292968,3.098735,2.897432,-2.105077,2.308858,0.373038,2.473973,0.000283,1.623225,-2.428911,0.699488,-10.480000
1.000000,1.878631,-0.164867,-1.015588,-1.294508,2.849638,2.891467,-2.098751,2.300192,0.378646,2.478117,0.001098,1.612213,-2.439080,0.702723,-10.550000
1.000000,1.995187,-0.186965,-0.974935,-1.294806,3.098275,2.900724,-2.104081,2.309700,0.374416,2.474738,0.005412,1.625828,-2.427687,0.699488,-10.520000
1.000000,1.813050,-0.214085,-0.863945,-1.283296,3.121686,2.822423,-2.074009,2.242464,0.395227,2.493102,-0.049751,1.522290,-2.509382,0.720876,-10.580000
1.000000,1.893132,-0.248381,-1.088651,-1.305670,3.101373,2.877875,-2.097904,2.278281,0.387733,2.478958,0.008313,1.599139,-2.458550,0.675232,-10.470000
1.000000,1.883074,-0.094044,-1.057799,-1.275552,3.110462,2.986127,-2.047421,2.380660,0.387693,2.512183,0.056536,1.661284,-2.374308,0.871216,-10.430000
1.000000,1.881417,-0.130665,-1.037938,-1.284260,3.104598,2.941780,-2.076249,2.344759,0.380366,2.493078,0.028409,1.642254,-2.401610,0.785352,-10.530000
1.000000,1.878502,-0.174228,-1.015858,-1.231497,3.098699,2.897600,-2.103308,2.305544,0.376112,2.475263,0.005598,1.622225,-2.431784,0.696304,-10.440000
1.000000,1.847125,-0.161367,-0.936158,-1.344334,3.109818,2.871829,-2.089774,2.291776,0.378516,2.483266,-0.026279,1.584090,-2.454379,0.728973,-10.560000
1.000000,1.878162,-0.174484,-1.016674,-1.292652,3.098175,2.886540,-2.122043,2.343500,0.377097,2.517813,-0.002186,1.611365,-2.420291,0.690352,-10.590000
1.000000,1.876310,-0.173437,-1.016857,-1.307736,3.096822,2.898073,-2.174946,2.266306,0.375895,2.439629,0.000221,1.617780,-2.344032,0.714897,-10.490000
1.000000,1.874643,-0.194553,-1.014426,-1.290965,3.096551,2.919124,-2.114906,2.320924,0.370811,2.468743,-0.041166,1.644637,-2.435928,0.711475,-10.480000
1.000000,1.886088,-0.135877,-1.024528,-1.300211,3.100588,2.902631,-2.182741,2.310297,0.366559,2.463134,0.042919,1.628603,-2.507418,0.715937,-10.520000
1.000000,1.890378,-0.150428,-1.033578,-1.287795,3.099569,2.914921,-2.106886,2.307889,0.349649,2.471963,-0.023749,1.580831,-2.431138,0.700324,-10.630000
1.000000,1.898844,-0.098088,-1.040810,-1.302276,3.102726,2.882816,-2.092239,2.270754,0.440180,2.496847,-0.031271,1.656247,-2.435990,0.670242,-10.420000
1.000000,1.878863,-0.164950,-1.016494,-1.296008,3.037010,2.895178,-2.099608,2.307313,0.373069,2.473552,0.005792,1.621210,-2.430783,0.701177,-10.420000
1.000000,1.883823,-0.164269,-1.024693,-1.290183,3.098735,2.873408,-2.105077,2.312188,0.363412,2.470309,-0.007493,1.628321,-2.428911,0.710381,-10.460000
1.000000,1.876707,-0.164224,-1.013215,-1.300539,3.103873,2.904863,-2.095617,2.339678,0.396983,2.438251,0.016292,1.610700,-2.427108,0.678999,-10.700000
1.000000,1.873690,-0.164770,-1.008337,-1.304349,3.105507,2.919325,-2.092610,2.292116,0.342935,2.489990,0.025298,1.639362,-2.426534,0.674524,-10.540000
1.000000,1.872788,-0.170560,-1.000917,-1.297414,3.102177,2.895448,-2.100352,2.298363,0.382577,2.478935,0.001187,1.610120,-2.435521,0.710574,-10.400000
1.000000,1.865873,-0.164297,-1.023200,-1.292770,3.098783,2.897014,-2.107884,2.308790,0.372602,2.473526,0.000470,1.623081,-2.431658,0.699440,-10.570000
1.000000,1.890848,-0.163035,-1.016773,-1.293944,3.098810,2.901602,-2.124600,2.309301,0.373762,2.472602,0.010607,1.625523,-2.446339,0.703507,-10.490000
1.000000,1.879412,-0.170067,-1.022053,-1.292826,3.099337,2.902009,-2.102070,2.313173,0.370857,2.474589,0.007017,1.622592,-2.426066,0.710096,-10.360000
1.000000,1.889639,-0.154766,-1.026077,-1.293732,3.099356,2.903057,-2.098832,2.301781,0.391999,2.482534,-0.005462,1.630328,-2.424696,0.697906,-10.600000
1.000000,1.878104,-0.159383,-1.010537,-1.291420,3.098334,2.899346,-2.110225,2.310054,0.371787,2.472158,-0.000510,1.625216,-2.420672,0.702741,-10.380000
1.000000,1.881997,-0.182748,-1.021646,-1.295549,3.097747,2.894504,-2.119407,2.296854,0.374131,2.467892,0.003796,1.616378,-2.413679,0.694521,-10.460000
1.000000,1.879758,-0.169414,-1.015824,-1.293375,3.098329,2.894865,-2.108548,2.317725,0.373367,2.484458,0.000315,1.619919,-2.427157,0.695899,-10.340000
1.000000,1.879307,-0.170434,-1.017827,-1.292729,3.097933,2.899479,-2.106752,2.310908,0.375075,2.472707,-0.004843,1.624577,-2.429736,0.701591,-10.470000
1.000000,1.880364,-0.169622,-1.011330,-1.294434,3.099513,2.901244,-2.100650,2.306410,0.363298,2.471978,0.001029,1.627568,-2.431011,0.694269,-10.450000
1.000000,1.879933,-0.166203,-1.018375,-1.300159,3.099094,2.897109,-2.104863,2.310738,0.373394,2.472079,0.000065,1.622743,-2.428510,0.699242,-10.660000
1.000000,1.880444,-0.167048,-1.015755,-1.284421,3.099172,2.895861,-2.102321,2.313738,0.377524,2.465802,0.003921,1.619132,-2.429656,0.695793,-10.540000
1.000000,1.880473,-0.166564,-1.019147,-1.292339,3.105484,2.898690,-2.105775,2.308969,0.371681,2.473902,-0.001707,1.620989,-2.428837,0.699354,-10.410000
1.000000,1.882143,-0.163635,-1.020438,-1.291507,3.090610,2.901024,-2.104823,2.307023,0.367883,2.474437,-0.004025,1.613823,-2.429909,0.700078,-10.480000
1.000000,1.884357,-0.165461,-1.017276,-1.292164,3.097938,2.898592,-2.114941,2.307393,0.372927,2.474451,0.005653,1.625613,-2.437712,0.701662,-10.410000
1.000000,1.879763,-0.171209,-1.018977,-1.292480,3.097816,2.896486,-2.107963,2.304790,0.373091,2.473717,0.001417,1.622742,-2.424949,0.698655,-10.480000
1.000000,1.880690,-0.166804,-1.020224,-1.292367,3.098360,2.896642,-2.105591,2.310140,0.371596,2.473279,-0.000141,1.624866,-2.428192,0.698737,-10.490000
1.000000,1.879181,-0.167043,-1.014975,-1.292451,3.098913,2.893056,-2.103021,2.306923,0.373103,2.475512,-0.000924,1.622598,-2.430794,0.703466,-10.560000
1.000000,1.879689,-0.165378,-1.017446,-1.292609,3.098470,2.901499,-2.102754,2.306666,0.377239,2.477222,0.000659,1.624294,-2.429184,0.698792,-10.510000
1.000000,1.876128,-0.166965,-1.018533,-1.292815,3.098648,2.897685,-2.105681,2.308771,0.372648,2.473966,0.000610,1.622985,-2.429866,0.699245,-10.470000
1.000000,1.879997,-0.166657,-1.018033,-1.292941,3.098045,2.897294,-2.105372,2.308319,0.372908,2.473910,-0.000727,1.622414,-2.429229,0.698658,-10.480000
1.000000,1.880447,-0.167715,-1.018467,-1.292797,3.097751,2.899104,-2.104320,2.309424,0.371859,2.474190,0.001211,1.621542,-2.428557,0.701612,-10.390000
1.000000,1.879735,-0.167612,-1.017794,-1.293262,3.098673,2.897291,-2.105525,2.309553,0.372675,2.475563,0.000136,1.623131,-2.428725,0.699158,-10.520000
1.000000,1.880216,-0.168049,-1.016517,-1.291885,3.099438,2.896891,-2.104576,2.310218,0.374790,2.472486,0.001659,1.622880,-2.428965,0.698665,-10.630000
1.000000,1.879553,-0.166299,-1.017135,-1.292775,3.098685,2.897671,-2.105720,2.309007,0.372882,2.473746,0.000184,1.623474,-2.427882,0.699895,-10.440000
1.000000,1.879975,-0.168415,-1.016437,-1.293386,3.099052,2.898516,-2.104022,2.307925,0.371065,2.473366,0.000237,1.624713,-2.429652,0.698603,-10.580000
1.000000,1.880259,-0.167170,-1.017819,-1.293172,3.098813,2.897671,-2.106345,2.308549,0.373171,2.474009,0.000915,1.623292,-2.429980,0.699823,-10.420000
1.000000,1.880439,-0.167026,-1.020512,-1.292292,3.099018,2.896273,-2.103782,2.309143,0.373301,2.473673,0.000154,1.625401,-2.428575,0.699867,-10.470000
1.000000,1.879667,-0.167099,-1.018015,-1.293205,3.098944,2.898287,-2.104399,2.308123,0.374245,2.474632,0.000298,1.623368,-2.428750,0.699460,-10.260000
1.000000,1.879825,-0.167280,-1.018172,-1.292434,3.099432,2.897587,-2.105165,2.308747,0.372870,2.474088,0.000085,1.623017,-2.428930,0.699490,-10.510000
1.000000,1.879715,-0.167390,-1.018260,-1.294606,3.099222,2.897000,-2.104935,2.309095,0.373063,2.473358,0.000184,1.622918,-2.428627,0.699636,-10.480000
1.000000,1.879773,-0.166952,-1.017916,-1.292960,3.098827,2.896942,-2.104783,2.308506,0.372826,2.474201,0.000757,1.623041,-2.428925,0.699507,-10.540000
1.000000,1.879518,-0.167922,-1.017460,-1.292796,3.098412,2.896733,-2.104912,2.308670,0.373402,2.474024,-0.000592,1.623361,-2.429275,0.700600,-10.680000
1.000000,1.879761,-0.167286,-1.018077,-1.292968,3.098735,2.897432,-2.105077,2.308858,0.373038,2.473973,0.000283,1.623225,-2.428911,0.699488,-10.560000
2.000000,2.483353,2.191390,-2.353209,-1.708761,1.229274,-1.177475,-0.281461,-0.941893,-1.373151,1.318772,0.827409,-0.175965,-1.223246,-1.631360,-10.110000
2.000000,1.483353,3.191390,-2.353209,-1.708761,1.229274,-1.177475,-0.281461,-0.941893,-1.373151,1.318772,0.827409,-0.175965,-1.223246,-1.631360,-10.290000
2.000000,1.483353,3.191390,-1.353209,-1.708761,1.229274,-1.177475,-0.281461,-0.941893,-1.373151,1.318772,0.827409,-0.175965,-1.223246,-1.631360,-10.680000
2.000000,1.483353,3.191390,-1.353209,-0.708761,1.229274,-1.177475,-0.281461,-0.941893,-1.373151,1.318772,0.827409,-0.175965,-1.223246,-1.631360,-10.670000
2.000000,1.483353,3.191390,-1.353209,-1.708761,2.229274,-1.177475,-0.281461,-0.941893,-1.373151,1.318772,0.827409,-0.175965,-1.223246,-1.631360,-10.940000
2.000000,1.483353,3.191390,-1.353209,-1.708761,2.229274,-0.177475,-0.281461,-0.941893,-1.373151,1.318772,0.827409,-0.175965,-1.223246,-1.631360,-10.490000
2.000000,1.483353,3.191390,-1.353209,-1.708761,2.229274,-1.177475,0.718539,-0.941893,-1.373151,1.318772,0.827409,-0.175965,-1.223246,-1.631360,-11.100000
2.000000,1.483353,3.191390,-1.353209,-1.708761,2.229274,-1.177475,0.718539,0.058107,-1.373151,1.318772,0.827409,-0.175965,-1.223246,-1.631360,-10.650000
2.000000,1.483353,3.191390,-1.353209,-1.708761,2.229274,-1.177475,0.718539,-0.941893,-0.373151,1.318772,0.827409,-0.175965,-1.223246,-1.631360,-10.960000
2.000000,1.483353,3.191390,-1.353209,-1.708761,2.229274,-1.177475,0.718539,-0.941893,-1.373151,2.318772,0.827409,-0.175965,-1.223246,-1.631360,-10.850000
2.000000,1.483353,3.191390,-1.353209,-1.708761,2.229274,-1.177475,0.718539,-0.941893,-1.373151,1.318772,1.827409,-0.175965,-1.223246,-1.631360,-10.880000
2.000000,1.483353,3.191390,-1.353209,-1.708761,2.229274,-1.177475,0.718539,-0.941893,-1.373151,1.318772,0.827409,0.824035,-1.223246,-1.631360,-10.440000
2.000000,1.483353,3.191390,-1.353209,-1.708761,2.229274,-1.177475,0.718539,-0.941893,-1.373151,1.318772,0.827409,-0.175965,-0.223246,-1.631360,-10.880000
2.000000,1.483353,3.191390,-1.353209,-1.708761,2.229274,-1.177475,0.718539,-0.941893,-1.373151,1.318772,0.827409,-0.175965,-1.223246,-0.631360,-10.600000
2.000000,1.413452,3.439220,-1.194344,-1.727824,2.445331,-1.310922,0.947305,-1.329525,-1.430342,1.077296,0.643125,-0.697044,-1.477430,-2.088893,-11.100000
2.000000,0.983353,3.191390,-1.353209,-1.708761,2.229274,-1.177475,0.718539,-0.941893,-1.373151,1.318772,0.827409,-0.175965,-1.223246,-1.631360,-11.110000
2.000000,1.764558,3.429803,-1.200380,-1.727100,2.437121,-1.305851,0.938612,-1.314795,-1.428169,1.086472,0.650127,-0.677243,-1.467772,-2.071507,-11.360000
2.000000,1.846512,3.499286,-1.155840,-1.732445,2.497696,-1.343265,1.002751,-1.423474,-1.444204,1.018770,0.598460,-0.245496,-1.539036,-2.199784,-11.140000
2.000000,1.764558,3.294886,-0.989911,-1.727100,2.437121,-1.305851,0.938612,-1.314795,-1.428169,1.086472,0.650127,-0.677243,-1.467772,-2.071507,-11.130000
2.000000,1.813598,3.034749,-1.468816,-1.730298,2.473368,-1.328239,0.976992,-1.379827,-1.437764,1.045961,0.619211,-0.716525,-1.510415,-2.148266,-11.280000
2.000000,1.764558,3.429803,-1.200380,-1.976133,2.415148,-1.305851,0.938612,-1.314795,-1.428169,1.086472,0.650127,-0.677243,-1.467772,-2.071507,-11.260000
2.000000,1.800222,3.461528,-1.191095,-1.939432,1.928639,-1.322132,0.966523,-1.362089,-1.435147,1.057010,0.627643,-0.705811,-1.498784,-2.127329,-11.200000
2.000000,1.800222,3.461528,-1.191095,-1.939432,1.928639,-1.082132,0.966523,-1.362089,-1.435147,1.057010,0.627643,-0.705811,-1.498784,-2.197329,-11.040000
2.000000,1.890342,3.541694,-1.167632,-1.950968,1.881069,-1.400174,1.037052,-1.481596,-1.452779,0.982563,0.570828,-0.777998,-1.577149,-1.695212,-11.210000
2.000000,1.800222,3.461528,-1.191095,-1.939432,1.928639,-1.322132,0.966523,-1.225000,-1.435147,1.057010,0.627643,-0.705811,-1.707845,-2.127329,-11.030000
2.000000,1.890281,3.541640,-1.167647,-1.950961,1.881101,-1.546944,1.037005,-0.880692,-1.452767,0.982613,0.570867,-0.777949,-1.510163,-2.198896,-10.950000
2.000000,1.800222,3.461528,-1.191095,-1.939432,1.928639,-1.322132,1.148012,-1.225000,-1.435147,1.228946,0.627643,-0.705811,-1.707845,-2.127329,-11.060000
2.000000,1.855258,3.510485,-1.176766,-1.946477,1.899588,-1.459517,0.610677,-1.320222,-1.445915,1.335206,0.592947,-0.749895,-1.787455,-2.171065,-10.930000
2.000000,1.800222,3.461528,-1.191095,-1.939432,1.928639,-1.322132,0.966523,-1.225000,-1.673913,1.057010,0.701743,-0.705811,-1.707845,-2.127329,-11.220000
2.000000,1.824952,3.483526,-1.184656,-1.942598,1.915585,-1.383865,1.004051,-1.267787,-1.235803,0.973623,1.066828,-0.725620,-1.743617,-2.146981,-11.350000
2.000000,1.865473,3.521485,-1.152661,-1.944044,1.980908,-1.354417,1.021868,-1.318778,-1.448983,0.998591,0.583060,-0.831873,-1.769339,-2.238019,-11.090000
2.000000,1.326083,3.456678,-1.204798,-1.941096,1.879851,-1.388489,0.985855,-1.228999,-1.362439,0.976086,0.581081,-0.659055,-1.721133,-2.089399,-11.160000
2.000000,1.821556,3.289429,-1.301415,-1.936340,1.893599,-1.415923,0.983219,-1.294965,-1.439321,1.039387,0.614194,-0.706044,-1.662841,-2.177471,-11.130000
2.000000,1.905603,3.369496,-1.263846,-1.953913,2.004917,-1.069538,0.941401,-0.991651,-1.328179,1.004946,0.607641,-0.653005,-1.903287,-1.915957,-11.210000
2.000000,1.851223,3.520804,-1.155522,-1.940889,1.929675,-1.352600,0.987476,-1.256719,-1.422641,1.021045,0.603673,-0.482708,-1.724986,-2.152831,-11.180000
2.000000,1.800222,3.424109,-1.132721,-2.043036,1.919497,-1.322132,0.966523,-1.225000,-1.435147,1.057010,0.627643,-0.705811,-1.707845,-2.127329,-11.130000
2.000000,1.801158,3.356599,-1.016009,-1.796837,1.931107,-1.324669,0.961689,-1.215698,-1.428729,1.058047,0.629455,-0.714261,-1.700671,-2.112846,-10.900000
2.000000,1.791816,3.454050,-1.193283,-1.948082,2.043310,-1.346579,0.959945,-1.230009,-1.433502,1.063954,0.632943,-0.699077,-1.675897,-2.105922,-11.050000
2.000000,1.840221,3.515662,-1.191513,-1.942011,1.864104,-1.362994,0.987597,-1.304159,-1.430841,1.027294,0.606841,-0.752003,-1.658569,-1.928528,-11.110000
2.000000,1.802941,3.476030,-1.197442,-1.939647,1.916173,-1.328086,0.967713,-1.223542,-1.392561,1.050888,0.742281,-0.717206,-1.710278,-2.133956,-11.220000
2.000000,1.801832,3.479314,-1.182105,-1.939831,1.917760,-1.349103,0.967587,-1.200536,-1.436669,1.055887,0.622738,-0.711977,-1.666508,-2.144257,-11.070000
2.000000,1.811354,3.438656,-1.236352,-1.939833,1.934485,-1.250108,0.958626,-1.181991,-1.426370,1.054086,0.603665,-0.717947,-1.769048,-2.092085,-10.910000
2.000000,1.762006,3.459271,-1.191821,-1.939120,1.929704,-1.318942,1.000066,-1.219127,-1.435274,1.021604,0.627233,-0.703553,-1.706656,-2.124341,-11.000000
2.000000,1.724583,3.476834,-1.194893,-1.937473,1.914470,-1.328163,0.912704,-1.274879,-1.431156,1.108383,0.615278,-0.707826,-1.742735,-2.127822,-11.010000
2.000000,1.801535,3.458550,-1.191527,-1.938757,1.930421,-1.276397,0.967357,-1.255838,-1.434104,1.056130,0.631004,-0.702058,-1.680218,-2.134942,-11.080000
2.000000,1.805438,3.493349,-1.198186,-1.940695,1.903482,-1.375072,0.939643,-1.137416,-1.433165,1.077594,0.597875,-0.730298,-1.682329,-2.139157,-11.170000
2.000000,1.813902,3.471649,-1.190845,-1.940174,1.915498,-1.338617,0.971208,-1.243607,-1.434977,1.051019,0.623333,-0.715729,-1.707102,-2.075851,-11.010000
2.000000,1.801744,3.462756,-1.190368,-1.939475,1.928739,-1.323223,0.945179,-1.226253,-1.435341,1.034976,0.627016,-0.700665,-1.708349,-2.128432,-11.230000
2.000000,1.811699,3.467134,-1.189196,-1.938045,1.931187,-1.332619,0.993094,-1.222697,-1.433229,1.079692,0.626097,-0.664851,-1.732577,-2.137326,-11.130000
2.000000,1.800502,3.453808,-1.178695,-1.929676,1.928848,-1.322591,0.966361,-1.224733,-1.410466,1.056895,0.620095,-0.706735,-1.707404,-2.126699,-11.270000
2.000000,1.796565,3.438976,-1.166870,-1.916533,1.929662,-1.321144,0.967216,-1.215394,-1.473695,1.068070,0.643763,-0.721383,-1.715176,-2.123588,-11.130000
2.000000,1.803256,3.482988,-1.177338,-1.940094,1.936147,-1.315526,0.969233,-1.225532,-1.435824,1.054150,0.625460,-0.715664,-1.717046,-2.131118,-11.080000
2.000000,1.810161,3.447340,-1.217859,-1.948539,1.932366,-1.339882,0.979759,-1.243315,-1.439298,1.055578,0.622045,-0.739655,-1.719884,-2.152357,-11.220000
2.000000,1.795095,3.469963,-1.200285,-1.946184,1.923324,-1.325093,0.966438,-1.206963,-1.438812,1.068408,0.625318,-0.712725,-1.694119,-2.128658,-11.300000
2.000000,1.801021,3.460388,-1.189657,-1.938230,1.928864,-1.319595,0.967349,-1.227760,-1.440636,1.057108,0.614457,-0.703893,-1.703932,-2.128272,-11.410000
2.000000,1.802260,3.461118,-1.196157,-1.941423,1.927961,-1.303073,0.971187,-1.239653,-1.434903,1.061181,0.642681,-0.704880,-1.698075,-2.128934,-11.210000
2.000000,1.794399,3.466503,-1.197075,-1.928607,1.929076,-1.323093,0.963655,-1.228506,-1.434945,1.059763,0.627018,-0.705785,-1.709544,-2.127481,-11.170000
2.000000,1.783336,3.457406,-1.184757,-1.957014,1.926518,-1.322538,0.958424,-1.233103,-1.435031,1.066623,0.625603,-0.706353,-1.717173,-2.125025,-11.210000
2.000000,1.798600,3.463094,-1.187095,-1.940013,1.936292,-1.330493,0.966779,-1.229307,-1.435835,1.057775,0.630224,-0.704215,-1.699943,-2.129037,-11.000000
2.000000,1.802755,3.455074,-1.199894,-1.943074,1.952096,-1.314491,0.965638,-1.216780,-1.434096,1.058027,0.625438,-0.706716,-1.713022,-2.116096,-11.210000
2.000000,1.810585,3.464275,-1.191527,-1.943580,1.917946,-1.329373,0.973765,-1.229551,-1.437019,1.053578,0.627829,-0.710563,-1.709903,-2.103619,-11.230000
2.000000,1.805245,3.460569,-1.191085,-1.942195,1.926241,-1.322902,0.971722,-1.220373,-1.436399,1.058004,0.629291,-0.697004,-1.714467,-2.132707,-11.120000
2.000000,1.804560,3.460758,-1.189805,-1.938371,1.928561,-1.322488,0.962298,-1.225303,-1.436353,1.061253,0.628233,-0.706652,-1.708289,-2.127531,-11.110000
2.000000,1.794740,3.455250,-1.186269,-1.936015,1.927517,-1.320257,0.970790,-1.220609,-1.441360,1.052326,0.631021,-0.710837,-1.708238,-2.127061,-11.030000
2.000000,1.802285,3.458689,-1.197557,-1.942940,1.928872,-1.325394,0.969526,-1.228637,-1.433016,1.053561,0.625495,-0.714495,-1.710084,-2.133913,-11.160000
2.000000,1.800165,3.460377,-1.193379,-1.940529,1.934351,-1.320154,0.966976,-1.222880,-1.434595,1.056690,0.626999,-0.705339,-1.709001,-2.124221,-11.230000
2.000000,1.798325,3.460951,-1.190428,-1.940839,1.928540,-1.322317,0.967063,-1.226035,-1.435164,1.059308,0.627289,-0.706061,-1.709223,-2.126968,-11.240000
2.000000,1.798453,3.462895,-1.190492,-1.941828,1.925598,-1.321581,0.962711,-1.225088,-1.434599,1.052348,0.627811,-0.704128,-1.707005,-2.127825,-11.100000
2.000000,1.799989,3.458914,-1.192751,-1.939323,1.927770,-1.322087,0.966407,-1.225650,-1.434943,1.057455,0.628306,-0.704578,-1.706400,-2.126955,-11.130000
2.000000,1.801645,3.464929,-1.189813,-1.939244,1.928474,-1.317420,0.969821,-1.226773,-1.434465,1.057484,0.629423,-0.706954,-1.706069,-2.128421,-11.090000
2.000000,1.801270,3.461196,-1.190553,-1.938953,1.928639,-1.322488,0.966965,-1.227434,-1.435597,1.055676,0.628007,-0.705332,-1.709280,-2.125632,-11.090000
2.000000,1.801029,3.464193,-1.191505,-1.939535,1.926108,-1.325674,0.968705,-1.221447,-1.435020,1.057647,0.626097,-0.707541,-1.706587,-2.124266,-11.220000
2.000000,1.800189,3.459779,-1.187760,-1.936922,1.928946,-1.322378,0.966720,-1.224017,-1.429305,1.056564,0.625718,-0.705734,-1.708359,-2.128377,-11.130000
2.000000,1.800725,3.461195,-1.192505,-1.940122,1.929038,-1.322992,0.966765,-1.225449,-1.435033,1.056182,0.627074,-0.708019,-1.708529,-2.129544,-11.280000
2.000000,1.799630,3.460934,-1.190571,-1.939015,1.928646,-1.321814,0.966264,-1.224915,-1.435601,1.056672,0.627873,-0.707098,-1.707409,-2.126813,-11.390000
2.000000,1.799711,3.461239,-1.189983,-1.938436,1.928759,-1.322250,0.967387,-1.223210,-1.437039,1.056749,0.628346,-0.704559,-1.708844,-2.128745,-11.120000
2.000000,1.799945,3.461747,-1.191944,-1.938558,1.927908,-1.321371,0.966282,-1.224835,-1.435063,1.057141,0.627339,-0.705968,-1.708761,-2.127171,-11.090000
2.000000,1.798768,3.463121,-1.191271,-1.937958,1.930274,-1.323608,0.965798,-1.226010,-1.435151,1.057399,0.627932,-0.705385,-1.706634,-2.127678,-11.280000
2.000000,1.800341,3.461471,-1.190993,-1.939401,1.928674,-1.321776,0.966518,-1.225430,-1.435660,1.057013,0.625950,-0.705658,-1.707279,-2.127333,-11.170000
2.000000,1.799923,3.461093,-1.189536,-1.939022,1.929145,-1.322667,0.967503,-1.223357,-1.436990,1.056677,0.628525,-0.704536,-1.708302,-2.128766,-11.150000
2.000000,1.800222,3.461528,-1.191095,-1.939432,1.928639,-1.322132,0.966523,-1.225000,-1.435147,1.057010,0.627643,-0.705811,-1.707845,-2.127329,-11.220000
3.000000,-1.159420,1.969362,-1.288520,0.444223,-0.399721,-1.517500,-2.333779,-0.124864,-2.263470,1.216224,-1.160313,2.877590,-1.034623,0.431547,-9.880000
3.000000,-2.159420,2.969362,-1.288520,0.444223,-0.399721,-1.517500,-2.333779,-0.124864,-2.263470,1.216224,-1.160313,2.877590,-1.034623,0.431547,-9.680000
3.000000,-2.159420,1.969362,-0.288520,0.444223,-0.399721,-1.517500,-2.333779,-0.124864,-2.263470,1.216224,-1.160313,2.877590,-1.034623,0.431547,-10.040000
3.000000,-2.159420,1.969362,-1.288520,1.444223,-0.399721,-1.517500,-2.333779,-0.124864,-2.263470,1.216224,-1.160313,2.877590,-1.034623,0.431547,-10.040000
3.000000,-2.159420,1.969362,-1.288520,1.444223,0.600279,-1.517500,-2.333779,-0.124864,-2.263470,1.216224,-1.160313,2.877590,-1.034623,0.431547,-10.180000
3.000000,-2.159420,1.969362,-1.288520,1.444223,-0.399721,-0.517500,-2.333779,-0.124864,-2.263470,1.216224,-1.160313,2.877590,-1.034623,0.431547,-9.700000
3.000000,-2.159420,1.969362,-1.288520,1.444223,-0.399721,-1.517500,-1.333779,-0.124864,-2.263470,1.216224,-1.160313,2.877590,-1.034623,0.431547,-10.110000
3.000000,-2.159420,1.969362,-1.288520,1.444223,-0.399721,-1.517500,-1.333779,0.875136,-2.263470,1.216224,-1.160313,2.877590,-1.034623,0.431547,-10.160000
3.000000,-2.159420,1.969362,-1.288520,1.444223,-0.399721,-1.517500,-1.333779,-0.124864,-1.263470,1.216224,-1.160313,2.877590,-1.034623,0.431547,-10.280000
3.000000,-2.159420,1.969362,-1.288520,1.444223,-0.399721,-1.517500,-1.333779,-0.124864,-2.263470,2.216224,-1.160313,2.877590,-1.034623,0.431547,-10.110000
3.000000,-2.159420,1.969362,-1.288520,1.444223,-0.399721,-1.517500,-1.333779,-0.124864,-2.263470,1.216224,-0.160313,2.877590,-1.034623,0.431547,-10.690000
3.000000,-2.159420,1.969362,-1.288520,1.444223,-0.399721,-1.517500,-1.333779,-0.124864,-2.263470,1.216224,-0.160313,3.877590,-1.034623,0.431547,-10.550000
3.000000,-2.159420,1.969362,-1.288520,1.444223,-0.399721,-1.517500,-1.333779,-0.124864,-2.263470,1.216224,-0.160313,3.877590,-0.034623,0.431547,-10.360000
3.000000,-2.159420,1.969362,-1.288520,1.444223,-0.399721,-1.517500,-1.333779,-0.124864,-2.263470,1.216224,-0.160313,3.877590,-1.034623,1.431547,-10.460000
3.000000,-2.372831,1.793065,-1.539047,1.629798,-0.399721,-1.786585,-1.305943,-0.700148,-2.309864,0.817237,-0.141755,4.174510,-1.220199,0.060397,-10.890000
3.000000,-2.753453,1.793065,-1.214813,1.629798,-0.399721,-1.786585,-1.305943,-0.700148,-2.309864,0.817237,-0.141755,4.174510,-1.220199,0.060397,-10.920000
3.000000,-2.204440,1.730657,-0.448755,1.695490,-0.399721,-1.881839,-1.296089,-0.903795,-2.326287,0.675998,-0.135186,4.279618,-1.285891,-0.070988,-10.930000
3.000000,-2.204440,2.148888,-0.448755,1.695490,-0.399721,-2.155852,-1.296089,-0.903795,-2.326287,0.675998,-0.135186,4.279618,-1.285891,-0.070988,-10.590000
3.000000,-2.233490,2.217458,-0.341045,1.772124,-0.399721,-1.096876,-1.284594,-1.141359,-2.345446,0.511235,-0.127522,4.402232,-1.362525,-0.224256,-10.680000
3.000000,-2.204440,1.730657,-0.448755,1.219636,-0.399721,-1.881839,-1.296089,-1.057296,-2.326287,0.675998,-0.135186,4.279618,-1.285891,-0.070988,-10.600000
3.000000,-2.269473,1.538724,-0.207630,1.648202,-0.399721,-2.080876,-1.270356,-0.198391,-2.369176,0.307153,-0.118030,4.554108,-1.457447,-0.414100,-10.690000
3.000000,-2.204440,1.730657,-0.448755,1.695490,0.100279,-1.881839,-1.296089,-0.903795,-2.326287,0.675998,-0.135186,4.279618,-1.285891,-0.070988,-10.610000
3.000000,-2.253038,1.587230,-0.268567,1.872932,-0.784321,-2.030575,-1.276859,-1.036276,-2.358337,1.450407,-0.122366,4.484739,-1.414091,-0.327389,-10.890000
3.000000,-2.253038,1.587230,-0.268567,1.872932,-0.784321,-2.030575,-1.276859,-1.036276,-2.854476,1.450407,-0.122366,4.484739,-1.414091,-0.265371,-10.690000
3.000000,-2.302569,1.441049,-0.084921,2.053779,-1.176305,-2.182167,-1.257260,-1.171301,-2.043819,1.281500,-0.109300,4.693797,-1.544752,0.397938,-10.570000
3.000000,-2.253038,1.587230,-0.268567,1.872932,-0.784321,-2.030575,-0.781785,-1.036276,-2.358337,1.450407,-0.072858,4.435231,-1.414091,-0.327389,-10.780000
3.000000,-2.276832,1.517005,-0.180345,1.959810,-0.972627,-2.103399,-1.500684,-1.101141,-2.273159,1.369266,0.574663,3.894417,-1.476860,-0.506264,-10.980000
3.000000,-2.253038,1.587230,-0.268567,1.872932,-0.784321,-2.030575,-1.276859,-1.036276,-2.358337,1.450407,-0.348474,4.258631,-1.798474,-0.327389,-11.040000
3.000000,-2.285688,1.490867,-0.147508,1.992146,-1.042716,-2.130505,-1.383385,-1.125284,-2.241456,1.339064,-1.010367,3.836316,-1.395986,-0.572843,-10.880000
3.000000,-1.931586,1.474171,-0.544704,1.988823,-0.863811,-2.058090,-1.271074,-1.136616,-2.367979,1.325211,-0.344617,4.320339,-1.837042,-0.404524,-11.060000
3.000000,-2.427171,2.009380,-0.275098,1.485956,-0.773023,-2.272587,-1.510146,-1.018196,-2.093282,1.738400,-0.506504,4.429761,-2.286185,-0.615333,-10.290000
3.000000,-2.209207,1.482268,-0.252906,1.979898,-0.475276,-2.027029,-1.443910,-1.075562,-2.183919,1.592521,-0.363478,4.398687,-1.636906,-0.389363,-10.580000
3.000000,-2.304055,1.425978,-0.091390,2.056589,-0.465388,-2.114831,-0.996625,-1.134872,-2.625653,1.307154,-0.399892,3.725566,-2.250997,0.027076,-10.420000
3.000000,-1.994802,1.659427,-0.252572,1.799078,-0.847529,-1.905848,-1.298110,-0.755728,-2.326865,1.622891,-0.366490,4.128724,-1.751205,-0.174076,-11.180000
3.000000,-2.146576,1.649643,-0.097149,1.883715,-0.786699,-1.957682,-1.272424,-1.109635,-2.365303,1.402391,-0.345912,4.298062,-1.824141,-0.377142,-10.740000
3.000000,-2.494078,1.649378,-0.457890,2.023753,-0.854546,-1.685928,-1.298172,-1.019573,-2.333061,1.399800,-0.364406,4.256272,-1.837286,-0.333270,-10.920000
3.000000,-2.264341,1.615335,-0.226659,2.026719,-0.796840,-2.105438,-1.268854,-0.885119,-2.369434,1.417575,-0.345217,4.302534,-1.831291,-0.384709,-11.050000
3.000000,-2.323307,1.273258,-0.251580,1.596398,-0.784610,-1.938268,-1.299445,-0.902607,-2.335048,1.261594,-0.357307,4.305457,-1.834251,-0.382909,-11.080000
3.000000,-2.241966,1.709188,-0.309620,1.832504,-0.696696,-2.055182,-1.314722,-1.006092,-2.320562,1.287473,-0.335372,4.225655,-1.743953,-0.290656,-11.090000
3.000000,-2.300315,1.532662,-0.262426,1.872348,-0.900201,-2.065960,-1.427482,-1.117626,-2.279932,1.486622,-0.010171,4.004165,-1.764647,-0.441227,-10.970000
3.000000,-2.327927,1.522565,-0.244383,1.886809,-0.989953,-2.114991,-1.357798,-1.169201,-2.215203,1.425633,-0.373250,4.391146,-1.789057,0.028193,-10.750000
3.000000,-2.287118,1.573919,-0.283689,1.852493,-0.838006,-2.054067,-1.258981,-1.089425,-2.377036,1.462903,-0.511461,4.158321,-1.687410,-0.394236,-11.090000
3.000000,-2.248267,1.537828,-0.246473,1.921604,-0.740713,-2.018493,-1.250532,-1.046139,-2.384218,1.425393,-0.349723,4.198437,-1.803832,-0.277215,-11.070000
3.000000,-2.289981,1.655909,-0.365223,1.747734,-0.748596,-2.054473,-1.247608,-1.081767,-2.386391,1.547909,-0.334277,4.306030,-1.911761,-0.359847,-10.660000
3.000000,-2.254212,1.585642,-0.263754,1.876468,-0.792777,-2.040430,-1.379531,-1.042684,-2.401142,1.447456,-0.381499,4.254840,-1.835687,-0.304949,-10.790000
3.000000,-2.288095,1.579133,-0.265724,1.859477,-0.903328,-2.067790,-1.245559,-1.086255,-2.237372,1.447214,-0.335137,4.353350,-1.749069,-0.201858,-10.870000
3.000000,-2.255156,1.601688,-0.277375,1.856395,-0.805275,-2.021979,-1.291065,-1.025850,-2.428402,1.457029,-0.313934,4.310438,-1.726349,-0.341706,-10.790000
3.000000,-2.264794,1.505241,-0.266703,1.920859,-0.683688,-2.009560,-1.158780,-1.082132,-2.435187,1.439881,-0.312487,4.173863,-1.808920,-0.217304,-10.710000
3.000000,-2.293496,1.603725,-0.306366,1.908377,-0.795031,-1.929180,-1.280405,-1.035462,-2.339507,1.442977,-0.354227,4.258322,-1.807831,-0.336954,-11.070000
3.000000,-2.292490,1.599725,-0.234388,1.861493,-0.778663,-2.029478,-1.283761,-1.027326,-2.353894,1.465578,-0.335422,4.242294,-1.792624,-0.323885,-10.730000
3.000000,-2.206956,1.559024,-0.306775,1.882274,-0.813606,-2.051672,-1.291647,-1.063869,-2.333240,1.441508,-0.284274,4.212206,-1.801738,-0.370743,-10.990000
3.000000,-2.261160,1.572457,-0.263532,1.845633,-0.812168,-2.024183,-1.263548,-1.018509,-2.372409,1.419738,-0.347703,4.252520,-1.817469,-0.329615,-11.040000
3.000000,-2.225842,1.528364,-0.277664,1.863287,-0.713277,-2.025703,-1.292386,-1.028187,-2.315570,1.462557,-0.376819,4.304848,-1.774949,-0.347320,-10.880000
3.000000,-2.180775,1.617880,-0.279438,1.864635,-0.795071,-2.009484,-1.270252,-0.984386,-2.350222,1.504698,-0.363824,4.229052,-1.786656,-0.285960,-10.900000
3.000000,-2.252257,1.616466,-0.291548,1.871408,-0.771517,-2.048566,-1.260042,-1.059643,-2.363511,1.468041,-0.356171,4.274689,-1.819898,-0.336882,-10.920000
3.000000,-2.264956,1.582614,-0.283653,1.882304,-0.784927,-2.043319,-1.276777,-1.018274,-2.358366,1.453193,-0.348520,4.257500,-1.798028,-0.326094,-10.880000
3.000000,-2.233810,1.595156,-0.237166,1.917041,-0.788344,-2.034260,-1.271037,-1.035373,-2.357746,1.435169,-0.355896,4.266860,-1.792886,-0.336929,-10.940000
3.000000,-2.250529,1.601706,-0.273635,1.868580,-0.769525,-2.031927,-1.280706,-1.030971,-2.358190,1.431682,-0.347921,4.250445,-1.792812,-0.328926,-10.860000
3.000000,-2.256117,1.584922,-0.273463,1.871470,-0.804703,-2.037387,-1.279425,-1.059896,-2.332044,1.443102,-0.348269,4.273876,-1.781494,-0.287721,-10.930000
3.000000,-2.249748,1.585310,-0.266821,1.877174,-0.774273,-2.027017,-1.276003,-1.032224,-2.361768,1.448573,-0.328400,4.267100,-1.811064,-0.314664,-10.940000
3.000000,-2.254574,1.561777,-0.271554,1.883563,-0.771015,-2.023937,-1.259834,-1.060150,-2.386529,1.458223,-0.358443,4.232390,-1.785550,-0.311822,-11.110000
3.000000,-2.260130,1.590046,-0.278008,1.881590,-0.789031,-2.005306,-1.280547,-1.038287,-2.352396,1.452288,-0.350021,4.260528,-1.800377,-0.332623,-11.110000
3.000000,-2.254354,1.589887,-0.268707,1.870994,-0.785209,-2.028496,-1.276757,-1.033942,-2.367218,1.451105,-0.348317,4.267334,-1.790370,-0.326928,-11.100000
3.000000,-2.243319,1.580803,-0.271430,1.872174,-0.792926,-2.036878,-1.285211,-1.044171,-2.351659,1.456430,-0.332483,4.250011,-1.796616,-0.340498,-11.070000
3.000000,-2.246793,1.594308,-0.269443,1.873037,-0.789778,-2.028726,-1.275103,-1.031568,-2.360068,1.455546,-0.348326,4.252728,-1.798544,-0.321774,-10.890000
3.000000,-2.246341,1.575206,-0.263092,1.866227,-0.773038,-2.028398,-1.277000,-1.030396,-2.343174,1.457074,-0.363263,4.263547,-1.803789,-0.327159,-11.060000
3.000000,-2.253544,1.588910,-0.269835,1.871766,-0.783044,-2.030239,-1.263469,-1.036329,-2.353678,1.451365,-0.344735,4.259624,-1.795442,-0.330592,-10.680000
3.000000,-2.259721,1.596998,-0.270947,1.874187,-0.784248,-2.040216,-1.278531,-1.050930,-2.361620,1.453081,-0.357934,4.262756,-1.818223,-0.329468,-10.890000
3.000000,-2.251247,1.586567,-0.260081,1.884073,-0.786903,-2.031798,-1.276567,-1.035006,-2.357190,1.445371,-0.350749,4.259089,-1.798074,-0.328890,-10.840000
3.000000,-2.253667,1.588800,-0.268984,1.871823,-0.787309,-2.031881,-1.278226,-1.036875,-2.353786,1.448636,-0.347928,4.261509,-1.797310,-0.324207,-11.090000
3.000000,-2.256271,1.581910,-0.271443,1.872394,-0.785925,-2.031036,-1.277642,-1.044195,-2.354855,1.447263,-0.349801,4.255971,-1.793782,-0.315414,-10.700000
3.000000,-2.257015,1.591156,-0.265935,1.872715,-0.784662,-2.032248,-1.279912,-1.037305,-2.352290,1.452448,-0.346678,4.260328,-1.795305,-0.323689,-11.020000
3.000000,-2.259988,1.586118,-0.264048,1.864028,-0.792791,-2.029694,-1.278224,-1.032339,-2.354788,1.444459,-0.346624,4.258412,-1.802280,-0.325624,-10.980000
3.000000,-2.256734,1.586801,-0.272804,1.874057,-0.787031,-2.034787,-1.278674,-1.032754,-2.354142,1.449671,-0.348187,4.260596,-1.797643,-0.324577,-11.070000
3.000000,-2.245935,1.593811,-0.270746,1.871842,-0.791731,-2.031062,-1.278344,-1.038428,-2.347102,1.445402,-0.348168,4.269976,-1.797414,-0.321637,-11.030000
3.000000,-2.250592,1.586507,-0.269813,1.870702,-0.787780,-2.032662,-1.281342,-1.039245,-2.353981,1.449764,-0.344925,4.260166,-1.797013,-0.328207,-11.130000
3.000000,-2.254055,1.589461,-0.269182,1.871294,-0.788735,-2.032511,-1.278148,-1.037397,-2.353300,1.448765,-0.350395,4.260692,-1.795667,-0.325599,-10.770000
3.000000,-2.254564,1.590670,-0.269621,1.871958,-0.785651,-2.033213,-1.277838,-1.040117,-2.356126,1.449245,-0.348895,4.262797,-1.803027,-0.324139,-10.750000
3.000000,-2.253094,1.586767,-0.268112,1.871356,-0.787421,-2.031563,-1.277980,-1.036513,-2.353191,1.450959,-0.349332,4.262650,-1.797967,-0.323965,-10.900000
3.000000,-2.251778,1.589261,-0.269397,1.870028,-0.781619,-2.030500,-1.279685,-1.034692,-2.352961,1.445780,-0.349501,4.260389,-1.797636,-0.324230,-11.080000
3.000000,-2.253667,1.588800,-0.268984,1.871823,-0.787309,-2.031881,-1.278226,-1.036875,-2.353786,1.448636,-0.347928,4.261509,-1.797310,-0.324207,-10.870000
4.000000,3.495012,2.488850,1.338123,1.577940,-0.590344,-2.623208,-2.587249,-1.686606,0.279844,-2.219879,-1.783031,-1.767410,0.826063,-0.791465,-10.200000
4.000000,2.495012,3.488850,1.338123,1.577940,-0.590344,-2.623208,-2.587249,-1.686606,0.279844,-2.219879,-1.783031,-1.767410,0.826063,-0.791465,-10.240000
4.000000,2.495012,2.488850,2.338123,1.577940,-0.590344,-2.623208,-2.587249,-1.686606,0.279844,-2.219879,-1.783031,-1.767410,0.826063,-0.791465,-10.050000
4.000000,2.495012,2.488850,2.338123,2.577940,-0.590344,-2.623208,-2.587249,-1.686606,0.279844,-2.219879,-1.783031,-1.767410,0.826063,-0.791465,-10.100000
4.000000,2.495012,2.488850,2.338123,1.577940,0.409656,-2.623208,-2.587249,-1.686606,0.279844,-2.219879,-1.783031,-1.767410,0.826063,-0.791465,-9.540000
4.000000,2.495012,2.488850,2.338123,1.577940,-0.590344,-1.623208,-2.587249,-1.686606,0.279844,-2.219879,-1.783031,-1.767410,0.826063,-0.791465,-10.310000
4.000000,2.495012,2.488850,2.338123,1.577940,-0.590344,-2.623208,-1.587249,-1.686606,0.279844,-2.219879,-1.783031,-1.767410,0.826063,-0.791465,-10.140000
4.000000,2.495012,2.488850,2.338123,1.577940,-0.590344,-2.623208,-2.587249,-0.686606,0.279844,-2.219879,-1.783031,-1.767410,0.826063,-0.791465,-10.410000
4.000000,2.495012,2.488850,2.338123,1.577940,-0.590344,-2.623208,-2.587249,-0.686606,1.279844,-2.219879,-1.783031,-1.767410,0.826063,-0.791465,-10.440000
4.000000,2.495012,2.488850,2.338123,1.577940,-0.590344,-2.623208,-2.587249,-0.686606,0.279844,-1.219879,-1.783031,-1.767410,0.826063,-0.791465,-10.510000
4.000000,2.495012,2.488850,2.338123,1.577940,-0.590344,-2.623208,-2.587249,-0.686606,0.279844,-1.219879,-0.783031,-1.767410,0.826063,-0.791465,-10.360000
4.000000,2.495012,2.488850,2.338123,1.577940,-0.590344,-2.623208,-2.587249,-0.686606,0.279844,-1.219879,-0.783031,-0.767410,0.826063,-0.791465,-10.010000
4.000000,2.495012,2.488850,2.338123,1.577940,-0.590344,-2.623208,-2.587249,-0.686606,0.279844,-1.219879,-0.783031,-1.767410,1.826063,-0.791465,-9.570000
4.000000,2.495012,2.488850,2.338123,1.577940,-0.590344,-2.623208,-2.587249,-0.686606,0.279844,-1.219879,-0.783031,-1.767410,0.826063,0.208535,-10.430000
4.000000,2.332025,2.271534,2.399243,1.265550,-1.038557,-2.792985,-2.743445,-0.679815,0.239097,-1.063683,-0.742284,-2.317489,0.432179,-1.083483,-10.760000
4.000000,2.051719,2.488850,2.338123,1.809223,-0.590344,-2.623208,-2.587249,-0.686606,0.279844,-1.219879,-0.783031,-1.767410,0.826063,-0.791465,-10.440000
4.000000,2.951226,2.418186,2.357997,2.414160,-0.736087,-2.678413,-2.638038,-0.684398,0.266594,-1.169090,-0.769782,-1.946276,0.697985,-0.886419,-10.030000
4.000000,2.495012,2.920142,2.451248,1.577940,-0.703470,-2.736333,-2.700375,-0.799732,0.279844,-1.219879,-0.783031,-1.767410,0.826063,-0.791465,-10.280000
4.000000,2.506599,2.806564,1.901849,1.547002,-0.329235,-2.236103,-2.193999,-0.219602,0.261405,-1.149199,-0.764593,-2.016327,0.647825,-0.923607,-10.940000
4.000000,2.511989,2.756498,1.968704,1.532613,0.117026,-2.325826,-2.280863,-0.272163,0.252829,-1.116325,-0.756017,-2.132101,0.564926,-0.985067,-10.750000
4.000000,2.506599,2.806564,1.893033,1.547002,-0.329235,-2.068584,-2.379152,-0.210785,0.261405,-1.149199,-0.764593,-2.016327,0.647825,-0.923607,-10.930000
4.000000,2.509057,2.783731,2.126418,1.540440,-0.320758,-1.770980,-2.156453,-0.437652,0.257494,-1.134206,-0.760682,-2.069128,0.610018,-0.951637,-10.660000
4.000000,2.506599,2.806564,1.778659,1.547002,-0.329235,-2.068584,-2.379152,-0.325159,0.070782,-1.149199,-0.764593,-2.016327,0.647825,-0.923607,-10.970000
4.000000,2.507690,2.796437,1.495870,1.544091,-0.325475,-2.063743,-2.384415,-0.580891,0.392377,-1.142549,-0.762858,-2.039746,0.631056,-0.936039,-10.850000
4.000000,2.506599,2.806564,1.778659,1.547002,-0.329235,-2.068584,-2.379152,-0.325159,0.070782,-1.389691,-0.764593,-2.084615,0.647825,-0.923607,-10.880000
4.000000,2.518047,2.700224,1.637028,1.516439,-0.289755,-2.017760,-2.434414,-0.182685,0.054350,-1.050245,-0.746378,-1.653512,0.471747,-1.054148,-10.710000
4.000000,2.506599,2.806564,1.778659,1.547002,-0.329235,-2.068584,-2.379152,-0.325159,0.070782,-1.149199,-0.764593,-2.016327,0.796715,-1.124435,-10.890000
4.000000,2.513543,2.742059,1.692746,1.528463,-0.305287,-2.037754,-2.412674,-0.238735,0.060815,-0.976530,-0.753544,-2.192951,0.800135,-0.544768,-10.860000
4.000000,2.394693,2.791916,1.782779,1.332515,-0.359447,-2.080028,-2.389681,-0.324702,0.068035,-1.138670,-0.764593,-2.053406,0.621275,-0.943291,-10.720000
4.000000,2.575200,2.695420,1.779591,1.669204,-0.512715,-2.131742,-2.455294,-0.297085,0.050562,-1.032501,-0.761372,-2.301551,0.391484,-1.036150,-10.810000
4.000000,2.506599,2.830378,1.784905,1.547002,-0.335481,-2.074830,-2.385398,-0.331406,0.070782,-1.149199,-0.516122,-2.016327,0.647825,-0.923607,-10.870000
4.000000,2.527966,3.246249,1.833226,1.569503,-0.351573,-2.135939,-2.486179,-0.391383,0.072179,-1.076654,-0.861947,-2.021839,0.540300,-0.849265,-10.920000
4.000000,2.746462,3.242656,1.854743,1.455359,-0.357032,-2.114438,-2.468767,-0.412719,0.072071,-1.076240,-0.861839,-2.023297,0.539256,-0.850039,-11.020000
4.000000,2.430011,3.234382,2.035703,1.650296,-0.336479,-1.847998,-2.282988,-0.602631,0.072221,-1.004148,-0.902543,-2.044006,0.427807,-0.788954,-10.860000
4.000000,2.533954,3.157228,1.932407,1.593203,-0.393081,-2.228526,-2.580329,-0.510194,0.054993,-1.076856,-0.886853,-1.940275,0.569724,-0.799959,-10.690000
4.000000,2.391471,3.406527,1.782874,1.487866,-0.434458,-2.239292,-2.664575,-0.236504,0.327755,-1.117389,-0.737894,-2.216905,0.489157,-0.840215,-11.040000
4.000000,2.380080,3.398057,1.673333,1.509461,-0.407506,-2.248393,-2.695782,-0.120915,0.327982,-1.100735,-0.764667,-2.090564,0.358065,-0.816812,-11.090000
4.000000,2.391845,3.414955,1.762394,1.493551,-0.542102,-2.216496,-2.642214,-0.220516,0.325573,-1.120099,-0.743098,-2.193747,0.519576,-0.813034,-10.730000
4.000000,2.398172,3.380241,1.735160,1.512703,-0.340953,-2.251802,-2.685348,-0.194713,0.299076,-1.039266,-0.770940,-2.322371,0.575804,-0.694803,-11.100000
4.000000,2.414339,3.370757,1.778144,1.529933,-0.475463,-2.253846,-2.677299,-0.231917,0.302979,-1.080120,-0.755022,-2.278755,0.441535,-0.879776,-10.840000
4.000000,2.353211,3.483493,1.775723,1.475076,-0.320907,-2.240733,-2.692793,-0.225239,0.352494,-1.105391,-0.751409,-2.173646,0.632164,-0.973697,-10.780000
4.000000,2.395405,3.393588,1.714432,1.500607,-0.430561,-2.226722,-2.653457,-0.310288,0.394514,-1.102489,-0.750346,-2.217525,0.484877,-0.841568,-10.920000
4.000000,2.325241,3.449796,1.949530,1.452071,-0.375860,-2.168313,-2.624989,-0.191625,0.287495,-1.149709,-0.694413,-2.235569,0.419471,-0.766919,-11.040000
4.000000,2.400455,3.396626,1.768061,1.505467,-0.430918,-2.170809,-2.733436,-0.240537,0.312372,-1.185190,-0.757072,-2.232242,0.493620,-0.840096,-10.950000
4.000000,2.405468,3.420136,1.764705,1.508569,-0.409889,-2.378625,-2.578619,-0.209102,0.290530,-1.288648,-0.769796,-2.251587,0.495819,-0.825280,-10.970000
4.000000,2.450333,3.442426,1.775931,1.594157,-0.400193,-2.377359,-2.578583,-0.202668,0.308093,-1.291241,-0.700204,-2.236997,0.504004,-0.815847,-10.980000
4.000000,2.365974,3.384164,1.687635,1.430794,-0.406266,-2.402418,-2.597856,-0.239513,0.163894,-1.296448,-0.597902,-2.257006,0.503562,-0.832296,-11.120000
4.000000,2.400295,3.330368,1.770071,1.501754,-0.401710,-2.356524,-2.547665,-0.160019,0.333525,-1.304598,-0.746413,-2.256785,0.517170,-0.845517,-11.040000
4.000000,2.390958,3.240690,1.878866,1.489188,-0.420289,-2.479657,-2.671473,-0.185934,0.348050,-1.310139,-0.752303,-2.175741,0.550776,-0.791706,-10.970000
4.000000,2.388595,3.371241,1.759418,1.468498,-0.423631,-2.380822,-2.591718,-0.122440,0.399301,-1.315039,-0.714469,-2.307153,0.503893,-0.843270,-10.860000
4.000000,2.610452,3.340984,1.787421,1.381441,-0.375232,-2.335343,-2.521180,-0.132592,0.310580,-1.297935,-0.753100,-2.241809,0.516282,-0.846389,-11.050000
4.000000,2.382815,3.368154,1.785362,1.491667,-0.365960,-2.372664,-2.554575,-0.134376,0.330890,-1.274902,-0.745097,-2.229628,0.578642,-0.922364,-11.030000
4.000000,2.357766,3.309509,1.722893,1.580685,-0.421852,-2.266985,-2.471569,-0.092597,0.221432,-1.380983,-0.820688,-2.325198,0.492050,-0.783764,-11.090000
4.000000,2.338221,3.299858,1.688253,1.579639,-0.383273,-2.244625,-2.411304,-0.169635,0.262652,-1.387999,-0.824883,-2.326395,0.472912,-0.767639,-11.100000
4.000000,2.363594,3.307257,1.748077,1.582078,-0.438360,-2.263634,-2.466501,-0.118538,0.216691,-1.385473,-0.817550,-2.363282,0.517602,-0.793402,-11.070000
4.000000,2.367763,3.276121,1.718962,1.609156,-0.422126,-2.294498,-2.463789,-0.090069,0.205745,-1.328320,-0.828350,-2.355881,0.412751,-0.833283,-11.010000
4.000000,2.340865,3.321763,1.766959,1.568203,-0.413461,-2.254000,-2.456680,-0.086114,0.216932,-1.382661,-0.805417,-2.319888,0.468366,-0.778788,-11.100000
4.000000,2.363746,3.314110,1.713512,1.582945,-0.478368,-2.252145,-2.473718,-0.111472,0.226698,-1.452595,-0.822434,-2.280595,0.464423,-0.845312,-11.070000
4.000000,2.354597,3.319349,1.714457,1.576354,-0.461818,-2.263014,-2.441670,-0.085979,0.226233,-1.350899,-0.814067,-2.314997,0.499281,-0.778260,-11.240000
4.000000,2.343346,3.265081,1.709216,1.588091,-0.495748,-2.300727,-2.454517,-0.088697,0.221923,-1.342951,-0.840480,-2.260517,0.518296,-0.703874,-11.010000
4.000000,2.362106,3.324254,1.731196,1.591911,-0.464992,-2.235025,-2.454634,-0.083004,0.255546,-1.337802,-0.849962,-2.311828,0.497316,-0.778474,-11.070000
4.000000,2.341457,3.298260,1.680590,1.560346,-0.468773,-2.183111,-2.495573,-0.103584,0.198069,-1.315439,-0.771005,-2.308337,0.499566,-0.775672,-11.160000
4.000000,2.391810,3.293200,1.680435,1.536395,-0.472263,-2.175325,-2.489484,-0.103011,0.195437,-1.321449,-0.771392,-2.312915,0.483969,-0.756859,-11.220000
4.000000,2.306588,3.327083,1.644656,1.568129,-0.431431,-2.171210,-2.477325,-0.071599,0.181497,-1.285582,-0.788751,-2.276575,0.563902,-0.827686,-11.190000
4.000000,2.318326,3.294149,1.673581,1.514490,-0.476838,-2.187554,-2.502556,-0.100694,0.200138,-1.315860,-0.798965,-2.323222,0.493584,-0.779791,-11.110000
4.000000,2.310531,3.330220,1.648125,1.599981,-0.491386,-2.190988,-2.523806,-0.074771,0.258171,-1.330498,-0.721906,-2.347886,0.485064,-0.747433,-11.160000
4.000000,2.341329,3.251183,1.684608,1.559285,-0.465575,-2.177538,-2.481908,-0.079574,0.217908,-1.315506,-0.759278,-2.314182,0.501539,-0.792967,-10.960000
4.000000,2.339742,3.287296,1.674493,1.606343,-0.477659,-2.216275,-2.501854,-0.128819,0.162365,-1.254889,-0.784978,-2.322993,0.429482,-0.810760,-11.110000
4.000000,2.332133,3.294038,1.669089,1.579609,-0.481502,-2.159758,-2.478145,-0.088823,0.171025,-1.343029,-0.788941,-2.319400,0.490239,-0.768931,-10.930000
4.000000,2.345876,3.306846,1.682939,1.554216,-0.518772,-2.185043,-2.515034,-0.140757,0.220606,-1.365521,-0.756781,-2.243185,0.488910,-0.836068,-11.120000
4.000000,2.322563,3.291619,1.664679,1.563888,-0.450229,-2.173604,-2.468114,-0.142794,0.217997,-1.317772,-0.773282,-2.306612,0.493453,-0.767572,-11.180000
4.000000,2.444494,3.324998,1.667671,1.515806,-0.450596,-2.181203,-2.492854,-0.110555,0.211338,-1.295356,-0.753608,-2.296444,0.496953,-0.748792,-11.210000
4.000000,2.333461,3.280159,1.696101,1.564938,-0.475957,-2.201844,-2.513024,-0.111792,0.194127,-1.305954,-0.773038,-2.281866,0.520206,-0.740429,-11.110000
4.000000,2.349493,3.293131,1.673914,1.565251,-0.477576,-2.186517,-2.499045,-0.115047,0.197984,-1.316433,-0.775295,-2.323679,0.516973,-0.780839,-11.040000
4.000000,2.331594,3.318087,1.727955,1.550333,-0.465368,-2.169802,-2.486400,-0.111286,0.193674,-1.309799,-0.749121,-2.320916,0.500244,-0.782832,-11.210000
4.000000,2.337702,3.295807,1.672220,1.552567,-0.467186,-2.197106,-2.489091,-0.105072,0.183413,-1.321987,-0.753058,-2.309922,0.500548,-0.775565,-10.900000
4.000000,2.345197,3.294587,1.688070,1.566358,-0.425483,-2.182724,-2.529894,-0.106244,0.198959,-1.338475,-0.779569,-2.311984,0.491794,-0.782673,-11.050000
4.000000,2.362296,3.306140,1.677423,1.553108,-0.467632,-2.175600,-2.492543,-0.099072,0.207684,-1.306840,-0.774830,-2.300521,0.492406,-0.769577,-11.040000
4.000000,2.344117,3.296194,1.682963,1.557924,-0.472910,-2.181998,-2.495179,-0.108877,0.195980,-1.320548,-0.772717,-2.299372,0.498909,-0.783454,-11.120000
4.000000,2.328658,3.307962,1.675886,1.569030,-0.478765,-2.185240,-2.505408,-0.098131,0.215382,-1.318984,-0.763333,-2.308756,0.495372,-0.776832,-11.200000
4.000000,2.341457,3.298260,1.680590,1.560346,-0.468773,-2.183111,-2.495573,-0.103584,0.198069,-1.315439,-0.771005,-2.308337,0.499566,-0.775672,-11.200000
5.000000,-1.537088,-0.383404,-1.147523,-2.809168,-1.540275,-0.944407,0.790512,0.795102,-2.606829,0.509641,-2.547577,0.371412,2.466232,-2.126299,-9.520000
5.000000,-2.537088,0.616596,-1.147523,-2.809168,-1.540275,-0.944407,0.790512,0.795102,-2.606829,0.509641,-2.547577,0.371412,2.466232,-2.126299,-9.560000
5.000000,-2.537088,-0.383404,-0.147523,-2.809168,-1.540275,-0.944407,0.790512,0.795102,-2.606829,0.509641,-2.547577,0.371412,2.466232,-2.126299,-9.850000
5.000000,-2.537088,-0.383404,-0.147523,-1.809168,-1.540275,-0.944407,0.790512,0.795102,-2.606829,0.509641,-2.547577,0.371412,2.466232,-2.126299,-10.020000
5.000000,-2.537088,-0.383404,-0.147523,-2.809168,-0.540275,-0.944407,0.790512,0.795102,-2.606829,0.509641,-2.547577,0.371412,2.466232,-2.126299,-9.790000
5.000000,-2.537088,-0.383404,-0.147523,-2.809168,-1.540275,0.055593,0.790512,0.795102,-2.606829,0.509641,-2.547577,0.371412,2.466232,-2.126299,-10.110000
5.000000,-2.537088,-0.383404,-0.147523,-2.809168,-1.540275,-0.944407,1.790512,0.795102,-2.606829,0.509641,-2.547577,0.371412,2.466232,-2.126299,-10.280000
5.000000,-2.537088,-0.383404,-0.147523,-2.809168,-1.540275,-0.944407,1.790512,1.795102,-2.606829,0.509641,-2.547577,0.371412,2.466232,-2.126299,-10.350000
5.000000,-2.537088,-0.383404,-0.147523,-2.809168,-1.540275,-0.944407,1.790512,0.795102,-1.606829,0.509641,-2.547577,0.371412,2.466232,-2.126299,-9.760000
5.000000,-2.537088,-0.383404,-0.147523,-2.809168,-1.540275,-0.944407,1.790512,0.795102,-2.606829,1.509641,-2.547577,0.371412,2.466232,-2.126299,-10.170000
5.000000,-2.537088,-0.383404,-0.147523,-2.809168,-1.540275,-0.944407,1.790512,0.795102,-2.606829,0.509641,-1.547577,0.371412,2.466232,-2.126299,-10.230000
5.000000,-2.537088,-0.383404,-0.147523,-2.809168,-1.540275,-0.944407,1.790512,0.795102,-2.606829,0.509641,-2.547577,1.371412,2.466232,-2.126299,-10.400000
5.000000,-2.537088,-0.383404,-0.147523,-2.809168,-1.540275,-0.944407,1.790512,0.795102,-2.606829,0.509641,-2.547577,1.371412,3.466232,-2.126299,-10.320000
5.000000,-2.537088,-0.383404,-0.147523,-2.809168,-1.540275,-0.944407,1.790512,0.795102,-2.606829,0.509641,-2.547577,1.371412,3.466232,-1.126299,-10.500000
5.000000,-2.796597,-0.534784,0.230928,-3.025426,-1.767345,-1.030910,2.028395,0.665348,-3.104221,0.131191,-2.742209,1.511979,3.574361,-2.483124,-9.940000
5.000000,-2.285153,-0.815293,-0.147523,-2.809168,-1.540275,-0.944407,1.790512,0.795102,-2.606829,0.509641,-2.547577,1.371412,3.466232,-2.126299,-10.200000
5.000000,-1.702917,0.142461,-0.081574,-2.846853,-1.579844,-0.959481,1.831966,0.772491,-2.693505,0.443693,-2.581494,1.395907,3.485075,-2.188479,-10.200000
5.000000,-2.537088,-0.383404,-0.554361,-2.809168,-1.540275,-0.944407,1.909173,0.676441,-2.725491,0.390980,-2.666239,1.252751,3.466232,-2.126299,-10.530000
5.000000,-2.707785,-0.385369,-0.520546,-2.902848,-1.638638,-0.981879,1.448566,1.183889,-2.377299,0.790695,-2.186895,1.877298,3.513072,-2.280871,-10.270000
5.000000,-2.568521,-0.383766,-0.117320,-2.314291,-1.558388,-0.951307,1.784055,0.810185,-2.621073,0.504885,-2.537670,1.408058,3.474858,-2.154763,-10.560000
5.000000,-2.568521,-0.383766,-0.117320,-2.314291,-1.469389,-1.184929,1.784055,0.810185,-2.621073,0.504885,-2.537670,1.408058,3.474858,-2.154763,-10.550000
5.000000,-2.607423,-0.384213,-0.079940,-2.278879,-1.116079,-0.737115,1.776064,0.828851,-2.638701,0.498999,-2.525409,1.453412,3.485533,-2.189990,-10.280000
5.000000,-2.568521,-0.383766,-0.117320,-2.314291,-1.558388,-0.951307,1.768612,0.825628,-2.479277,0.301317,-2.522227,1.423501,3.474858,-2.154763,-10.490000
5.000000,-2.626150,-0.384429,-0.061946,-2.261833,-1.637459,-0.913741,1.922098,0.687955,-2.418099,0.866605,-2.669388,1.325362,3.490671,-2.206947,-10.570000
5.000000,-2.568521,-0.383766,-0.117320,-2.314291,-1.558388,-0.951307,1.626022,0.827270,-2.621073,0.504885,-2.729873,1.425143,3.474858,-2.154763,-10.440000
5.000000,-2.596078,-0.384083,-0.090842,-2.289207,-1.596197,-0.933344,1.539110,0.582741,-2.722301,0.563454,-2.260934,1.199518,3.482419,-2.179716,-10.630000
5.000000,-2.555872,-0.376387,-0.135766,-2.303750,-1.547320,-0.947090,1.772460,0.983906,-2.596829,0.523332,-2.528183,1.233810,3.474858,-2.154763,-10.690000
5.000000,-2.695854,-0.423653,0.038456,-2.315539,-1.699699,-0.934501,1.974381,0.873590,-2.970786,0.534722,-2.430821,1.505977,3.491361,-2.209222,-10.930000
5.000000,-2.447596,-0.313226,-0.107951,-2.319644,-1.564009,-0.953448,1.789944,0.806973,-2.633386,0.495517,-2.542488,1.411538,3.474858,-2.360745,-10.470000
5.000000,-2.327607,-0.226314,-0.128848,-2.264526,-1.575008,-0.922887,1.822270,0.801370,-2.677244,0.607726,-2.439765,1.493718,3.482976,-1.792523,-10.590000
5.000000,-2.577772,-0.389162,-0.155782,-2.321050,-1.565485,-0.954010,1.762753,0.834867,-2.607881,0.521795,-2.515016,1.441189,3.714742,-2.165915,-10.660000
5.000000,-2.701327,-0.453175,-0.399359,-2.328498,-1.606119,-0.952934,1.648027,0.979178,-2.539100,0.683471,-2.329207,1.669458,3.586563,-2.206898,-10.610000
5.000000,-2.721308,-0.464831,-0.591663,-2.300890,-1.606788,-0.931325,1.727751,0.901905,-2.605722,0.642738,-2.379388,1.620677,3.567870,-2.197824,-10.880000
5.000000,-2.934905,-0.530782,-0.748975,-2.338744,-1.544887,-1.038222,1.754006,0.896178,-2.716781,0.727153,-2.294175,1.482272,3.868272,-2.050354,-11.250000
5.000000,-2.609491,-0.380371,-0.674390,-2.306429,-1.603123,-0.955133,1.749369,0.896656,-2.663011,0.678813,-2.337620,1.613999,3.639541,-2.350810,-10.650000
5.000000,-2.691691,-0.496951,-0.600922,-2.306465,-1.708995,-0.981173,1.718660,0.907353,-2.597364,0.635513,-2.386010,1.605855,3.575534,-2.187267,-10.800000
5.000000,-2.623368,-0.675526,-0.591785,-2.287472,-1.533092,-0.895315,1.744974,0.890414,-2.623743,0.663738,-2.362588,1.627691,3.576290,-2.201093,-10.820000
5.000000,-2.663693,-0.433899,-0.606136,-2.296654,-1.595950,-0.928017,1.704138,0.926214,-2.650167,0.618118,-2.356568,1.645886,3.567320,-2.119680,-10.880000
5.000000,-2.741673,-0.402738,-0.585164,-2.267852,-1.653564,-0.902639,1.837976,0.811164,-2.507870,0.787777,-2.387150,1.619963,3.554189,-2.144507,-10.630000
5.000000,-2.718129,-0.466254,-0.590037,-2.419642,-1.612345,-0.915883,1.749829,0.892251,-2.621424,0.650054,-2.376699,1.624696,3.550552,-2.191901,-10.840000
5.000000,-2.826969,-0.478841,-0.519985,-2.384361,-1.688353,-0.893798,1.838955,0.918236,-2.770774,0.629553,-2.359572,1.676809,3.524564,-2.247125,-10.750000
5.000000,-2.711266,-0.465977,-0.602117,-2.425187,-1.596444,-0.937180,1.802282,0.965709,-2.602301,0.652226,-2.443500,1.658969,3.573292,-2.187141,-10.710000
5.000000,-2.807475,-0.453613,-0.618407,-2.458274,-1.621910,-0.902702,1.728363,0.833065,-2.508852,0.489411,-2.304926,1.593925,3.557503,-2.248524,-10.310000
5.000000,-2.724773,-0.470130,-0.586993,-2.425056,-1.606647,-0.947931,1.724316,0.823420,-2.630203,0.644253,-2.411699,1.707159,3.581235,-2.193328,-10.610000
5.000000,-2.765364,-0.453441,-0.606045,-2.434792,-1.633912,-0.848583,1.620776,0.927181,-2.664078,0.725898,-2.470532,1.496743,3.496694,-2.225077,-10.490000
5.000000,-2.748459,-0.481940,-0.648885,-2.421181,-1.617975,-0.926395,1.722260,0.927027,-2.604915,0.689517,-2.331496,1.679982,3.507441,-2.201584,-10.740000
5.000000,-2.720172,-0.454718,-0.557900,-2.421352,-1.535391,-1.097381,1.787807,0.868691,-2.647815,0.654026,-2.358301,1.548298,3.434054,-2.194569,-10.950000
5.000000,-2.775310,-0.479660,-0.603828,-2.427693,-1.591098,-0.946054,1.744959,0.901533,-2.639719,0.677675,-2.348156,1.594476,3.632860,-2.162764,-10.560000
5.000000,-2.564808,-0.460145,-0.551903,-2.520737,-1.733025,-0.887586,1.794829,0.896456,-2.625164,0.668919,-2.294605,1.609302,3.513126,-2.158336,-10.890000
5.000000,-2.734525,-0.435114,-0.583918,-2.373225,-1.617300,-0.881672,1.805134,0.848679,-2.572118,0.703151,-2.377244,1.616673,3.528812,-2.175943,-10.820000
5.000000,-2.706568,-0.460046,-0.638651,-2.418007,-1.614459,-0.914946,1.768072,0.876637,-2.642806,0.645348,-2.381469,1.614567,3.554644,-2.204735,-10.900000
5.000000,-2.687231,-0.421564,-0.566707,-2.404168,-1.593272,-0.922932,1.739538,0.907879,-2.616091,0.675732,-2.348647,1.628883,3.583623,-2.284312,-10.610000
5.000000,-2.688077,-0.570904,-0.581902,-2.399821,-1.573993,-0.884453,1.760248,0.886607,-2.622227,0.642375,-2.370200,1.616147,3.537430,-2.211006,-10.730000
5.000000,-2.687109,-0.463215,-0.583071,-2.451167,-1.645778,-0.914437,1.754914,0.896569,-2.626458,0.647778,-2.360802,1.622500,3.541144,-2.173156,-10.860000
5.000000,-2.719849,-0.466803,-0.594029,-2.419969,-1.621948,-0.892192,1.740155,0.896186,-2.620313,0.652167,-2.383313,1.627964,3.562107,-2.192924,-10.810000
5.000000,-2.726338,-0.458308,-0.586788,-2.423480,-1.606508,-0.933781,1.729799,0.894341,-2.633430,0.650341,-2.401693,1.597303,3.512278,-2.194399,-10.750000
5.000000,-2.709175,-0.464727,-0.599389,-2.426119,-1.604002,-0.918562,1.740323,0.888530,-2.599075,0.646674,-2.377828,1.618078,3.554299,-2.188210,-10.730000
5.000000,-2.742945,-0.460581,-0.585145,-2.415803,-1.619654,-0.915440,1.768867,0.895255,-2.618820,0.602538,-2.358282,1.630346,3.541979,-2.201142,-10.620000
5.000000,-2.721267,-0.459216,-0.588521,-2.436984,-1.593221,-0.903789,1.754185,0.890560,-2.627061,0.651709,-2.374197,1.629064,3.546355,-2.190225,-10.870000
5.000000,-2.695539,-0.451941,-0.591529,-2.383578,-1.598055,-0.915434,1.738576,0.903429,-2.639994,0.643795,-2.366731,1.633735,3.549227,-2.162484,-10.960000
5.000000,-2.707378,-0.458980,-0.581799,-2.415353,-1.612711,-0.922090,1.748979,0.896245,-2.624049,0.659714,-2.369740,1.624358,3.555834,-2.214034,-10.840000
5.000000,-2.722093,-0.467035,-0.589457,-2.419472,-1.612935,-0.915189,1.743692,0.884557,-2.624585,0.651355,-2.367635,1.619175,3.552611,-2.190805,-10.690000
5.000000,-2.722063,-0.472984,-0.591516,-2.420550,-1.613082,-0.928183,1.763187,0.907036,-2.623806,0.658735,-2.386302,1.624430,3.561213,-2.183130,-10.610000
5.000000,-2.714750,-0.464523,-0.582894,-2.419657,-1.611463,-0.915806,1.752185,0.885565,-2.623719,0.645126,-2.383386,1.621123,3.556831,-2.190797,-10.790000
5.000000,-2.715674,-0.469638,-0.592220,-2.419674,-1.616589,-0.923208,1.744924,0.880371,-2.621609,0.651977,-2.384063,1.649357,3.543647,-2.193829,-10.800000
5.000000,-2.722141,-0.454517,-0.590112,-2.417666,-1.616127,-0.915914,1.753298,0.889295,-2.617321,0.655017,-2.377302,1.624839,3.549951,-2.188889,-10.750000
5.000000,-2.709508,-0.481836,-0.586713,-2.409603,-1.610131,-0.904555,1.761514,0.889318,-2.615405,0.654892,-2.376765,1.619998,3.537027,-2.194045,-10.830000
5.000000,-2.720333,-0.466803,-0.590343,-2.419092,-1.613535,-0.916280,1.751261,0.897889,-2.620858,0.637033,-2.374168,1.626660,3.548694,-2.196330,-10.750000
5.000000,-2.719084,-0.466667,-0.584185,-2.418952,-1.611531,-0.915866,1.747308,0.894397,-2.619126,0.650486,-2.375885,1.626224,3.550163,-2.189667,-10.650000
5.000000,-2.710756,-0.462711,-0.594032,-2.412180,-1.608201,-0.915232,1.747227,0.894896,-2.627384,0.648879,-2.375541,1.626174,3.550437,-2.186088,-10.950000
5.000000,-2.714159,-0.466143,-0.589233,-2.423233,-1.616274,-0.915648,1.751298,0.892606,-2.621650,0.649729,-2.373858,1.625261,3.550439,-2.189583,-10.710000
5.000000,-2.719133,-0.465753,-0.590904,-2.421628,-1.612833,-0.917600,1.743615,0.894377,-2.625421,0.651477,-2.385005,1.618389,3.542959,-2.194630,-10.890000
5.000000,-2.718872,-0.468292,-0.591610,-2.418689,-1.611224,-0.917478,1.748851,0.888785,-2.621593,0.650681,-2.378612,1.630105,3.550799,-2.193573,-10.820000
5.000000,-2.719725,-0.467477,-0.590921,-2.419895,-1.612577,-0.915895,1.750360,0.892078,-2.621503,0.649250,-2.377531,1.624548,3.550258,-2.188977,-10.700000
5.000000,-2.718593,-0.467078,-0.590613,-2.418551,-1.609704,-0.917257,1.751562,0.895059,-2.621714,0.652834,-2.376559,1.623171,3.554758,-2.195221,-10.710000
5.000000,-2.717457,-0.467554,-0.590033,-2.417172,-1.614478,-0.916631,1.749845,0.892069,-2.620396,0.650194,-2.376919,1.623855,3.550467,-2.192097,-10.480000
5.000000,-2.716975,-0.467476,-0.589304,-2.418180,-1.609773,-0.911472,1.752328,0.890191,-2.620208,0.650456,-2.376168,1.623989,3.546748,-2.193344,-10.680000
5.000000,-2.719005,-0.466428,-0.589683,-2.419160,-1.613934,-0.913379,1.749645,0.892926,-2.623086,0.650526,-2.377249,1.625536,3.551373,-2.192293,-10.810000
5.000000,-2.717679,-0.465930,-0.592271,-2.420108,-1.613844,-0.910177,1.745941,0.892930,-2.618791,0.649543,-2.378585,1.625111,3.553831,-2.192475,-10.800000
5.000000,-2.718673,-0.465450,-0.589834,-2.420607,-1.613647,-0.914376,1.748031,0.893303,-2.623827,0.650793,-2.378552,1.624327,3.549541,-2.193348,-10.930000
5.000000,-2.719005,-0.466428,-0.589683,-2.419160,-1.613934,-0.913379,1.749645,0.892926,-2.623086,0.650526,-2.377249,1.625536,3.551373,-2.192293,-10.830000
